
 etall    1, NO =    6, NV =    6, INA =   17
 *********************************************

    I  COEFFICIENT          ORDER   EXPONENTS
     1   0.7721042211238E-02    1     1 0  0 0  0 0
  7.721042211237705E-003
     2   0.4480341582444        1     0 1  0 0  0 0
  0.448034158244354     
     3  -0.1258875592793E-05    1     0 0  0 0  1 0
 -1.258875592793224E-006
     4    22.13765063568        2     2 0  0 0  0 0
   22.1376506356846     
     5   -7087.263729133        2     1 1  0 0  0 0
  -7087.26372913329     
     6    425529.6877863        2     0 2  0 0  0 0
   425529.687786333     
     7   -1382.463463620        2     0 0  2 0  0 0
  -1382.46346362041     
     8    47852.93811595        2     0 0  1 1  0 0
   47852.9381159474     
     9  -0.2440927760473        2     1 0  0 0  1 0
 -0.244092776047268     
    10    26.57615535381        2     0 1  0 0  1 0
   26.5761553538063     
    11   -413426.4821798        2     0 0  0 2  0 0
  -413426.482179796     
    12  -0.1655497897691E-03    2     0 0  0 0  2 0
 -1.655497897691165E-004
    13    4310891.791568        3     3 0  0 0  0 0
   4310891.79156831     
    14   -1041495068.302        3     2 1  0 0  0 0
  -1041495068.30153     
    15    83871885542.39        3     1 2  0 0  0 0
   83871885542.3914     
    16   -2251359108813.        3     0 3  0 0  0 0
  -2251359108813.18     
    17    92594861.85743        3     1 0  2 0  0 0
   92594861.8574259     
    18   -7314340609.804        3     0 1  2 0  0 0
  -7314340609.80429     
    19   -3020484759.667        3     1 0  1 1  0 0
  -3020484759.66673     
    20    238521223138.4        3     0 1  1 1  0 0
   238521223138.412     
    21    12617.48519569        3     2 0  0 0  1 0
   12617.4851956933     
    22   -2144595.741064        3     1 1  0 0  1 0
  -2144595.74106406     
    23    93539175.82520        3     0 2  0 0  1 0
   93539175.8252004     
    24    150670.2154557        3     0 0  2 0  1 0
   150670.215455736     
    25    24617922179.63        3     1 0  0 2  0 0
   24617922179.6302     
    26   -1943376603480.        3     0 1  0 2  0 0
  -1943376603479.87     
    27   -4859022.324546        3     0 0  1 1  1 0
  -4859022.32454559     
    28    17.87085511181        3     1 0  0 0  2 0
   17.8708551118073     
    29   -1120.021412563        3     0 1  0 0  2 0
  -1120.02141256347     
    30    38922542.14519        3     0 0  0 2  1 0
   38922542.1451946     
    31   0.1426552508241E-01    3     0 0  0 0  3 0
  1.426552508240712E-002
    32    25888717052.05        4     4 0  0 0  0 0
   25888717052.0461     
    33   -8309799622804.        4     3 1  0 0  0 0
  -8309799622804.07     
    34   0.1000212552931E+16    4     2 2  0 0  0 0
  1.000212552930606E+015
    35  -0.5350594721973E+17    4     1 3  0 0  0 0
 -5.350594721973189E+016
    36   0.1073330995286E+19    4     0 4  0 0  0 0
  1.073330995285774E+018
    37   0.3198418684744E+14    4     2 0  2 0  0 0
   31984186847438.6     
    38  -0.5117002928664E+16    4     1 1  2 0  0 0
 -5.117002928664154E+015
    39   0.2046613844885E+18    4     0 2  2 0  0 0
  2.046613844885054E+017
    40  -0.1012295783981E+16    4     0 0  4 0  0 0
 -1.012295783980552E+015
    41  -0.1066611585694E+16    4     2 0  1 1  0 0
 -1.066611585694183E+015
    42   0.1706421462146E+18    4     1 1  1 1  0 0
  1.706421462145733E+017
    43  -0.6825055745262E+19    4     0 2  1 1  0 0
 -6.825055745262253E+018
    44   0.6751892582088E+17    4     0 0  3 1  0 0
  6.751892582087539E+016
    45    2353800264.361        4     3 0  0 0  1 0
   2353800264.36117     
    46   -575002057267.9        4     2 1  0 0  1 0
  -575002057267.905     
    47   0.4681791048671E+14    4     1 2  0 0  1 0
   46817910486714.4     
    48  -0.1270566790112E+16    4     0 3  0 0  1 0
 -1.270566790111675E+015
    49    117561922735.6        4     1 0  2 0  1 0
   117561922735.638     
    50   -9485158086144.        4     0 1  2 0  1 0
  -9485158086144.41     
    51   0.8892349897866E+16    4     2 0  0 2  0 0
  8.892349897866081E+015
    52  -0.1422643902402E+19    4     1 1  0 2  0 0
 -1.422643902402110E+018
    53   0.5690045778290E+20    4     0 2  0 2  0 0
  5.690045778290137E+019
    54  -0.1688786989079E+19    4     0 0  2 2  0 0
 -1.688786989078701E+018
    55   -3943159082992.        4     1 0  1 1  1 0
  -3943159082991.58     
    56   0.3180535420595E+15    4     0 1  1 1  1 0
   318053542059464.     
    57   -4812311.449881        4     2 0  0 0  2 0
  -4812311.44988135     
    58    751121691.9543        4     1 1  0 0  2 0
   751121691.954324     
    59   -29184431596.10        4     0 2  0 0  2 0
  -29184431596.0959     
    60    110537538.7985        4     0 0  2 0  2 0
   110537538.798479     
    61   0.1877334633911E+20    4     0 0  1 3  0 0
  1.877334633911012E+019
    62   0.3305546535060E+14    4     1 0  0 2  1 0
   33055465350601.8     
    63  -0.2665502012918E+16    4     0 1  0 2  1 0
 -2.665502012918269E+015
    64   -3721006399.791        4     0 0  1 1  2 0
  -3721006399.79098     
    65    472.2207368269        4     1 0  0 0  3 0
   472.220736826859     
    66   -48628.27066824        4     0 1  0 0  3 0
  -48628.2706682428     
    67  -0.7825998563548E+20    4     0 0  0 4  0 0
 -7.825998563548137E+019
    68    31311540328.66        4     0 0  0 2  2 0
   31311540328.6646     
    69   0.4459717058132        4     0 0  0 0  4 0
  0.445971705813209     
    70  -0.2786557440276E+15    5     5 0  0 0  0 0
  -278655744027622.     
    71   0.1119689866959E+18    5     4 1  0 0  0 0
  1.119689866959100E+017
    72  -0.1799614560880E+20    5     3 2  0 0  0 0
 -1.799614560879970E+019
    73   0.1446183266608E+22    5     2 3  0 0  0 0
  1.446183266607966E+021
    74  -0.5810711534568E+23    5     1 4  0 0  0 0
 -5.810711534567829E+022
    75   0.9338723200398E+24    5     0 5  0 0  0 0
  9.338723200397683E+023
    76  -0.4465104252941E+17    5     3 0  2 0  0 0
 -4.465104252940747E+016
    77   0.1079718086377E+20    5     2 1  2 0  0 0
  1.079718086376769E+019
    78  -0.8702483507680E+21    5     1 2  2 0  0 0
 -8.702483507680020E+020
    79   0.2337924429083E+23    5     0 3  2 0  0 0
  2.337924429082505E+022
    80   0.5674391445514E+19    5     1 0  4 0  0 0
  5.674391445513727E+018
    81  -0.4596451434248E+21    5     0 1  4 0  0 0
 -4.596451434247938E+020
    82   0.1476486922174E+19    5     3 0  1 1  0 0
  1.476486922174285E+018
    83  -0.3570594705380E+21    5     2 1  1 1  0 0
 -3.570594705379797E+020
    84   0.2878094740252E+23    5     1 2  1 1  0 0
  2.878094740251747E+022
    85  -0.7732564843298E+24    5     0 3  1 1  0 0
 -7.732564843298427E+023
    86  -0.3774713699198E+21    5     1 0  3 1  0 0
 -3.774713699197805E+020
    87   0.3057768102315E+23    5     0 1  3 1  0 0
  3.057768102314644E+022
    88    6878874307333.        5     4 0  0 0  1 0
   6878874307332.62     
    89  -0.2281314538842E+16    5     3 1  0 0  1 0
 -2.281314538841686E+015
    90   0.2834255098746E+18    5     2 2  0 0  1 0
  2.834255098746170E+017
    91  -0.1563475769163E+20    5     1 3  0 0  1 0
 -1.563475769163167E+019
    92   0.3231317036185E+21    5     0 4  0 0  1 0
  3.231317036184961E+020
    93  -0.1745185576027E+16    5     2 0  2 0  1 0
 -1.745185576027141E+015
    94   0.2305655381237E+18    5     1 1  2 0  1 0
  2.305655381237417E+017
    95  -0.7276427267675E+19    5     0 2  2 0  1 0
 -7.276427267674851E+018
    96   0.1045249992182E+17    5     0 0  4 0  1 0
  1.045249992182269E+016
    97  -0.1220493447548E+20    5     3 0  0 2  0 0
 -1.220493447548196E+019
    98   0.2951747070707E+22    5     2 1  0 2  0 0
  2.951747070706903E+021
    99  -0.2379446316588E+24    5     1 2  0 2  0 0
 -2.379446316588240E+023
   100   0.6393315726811E+25    5     0 3  0 2  0 0
  6.393315726810522E+024
   101   0.9416225769308E+22    5     1 0  2 2  0 0
  9.416225769308040E+021
   102  -0.7628069271768E+24    5     0 1  2 2  0 0
 -7.628069271767747E+023
   103   0.5056277878631E+17    5     2 0  1 1  1 0
  5.056277878630826E+016
   104  -0.6467305292572E+19    5     1 1  1 1  1 0
 -6.467305292571714E+018
   105   0.1937951587512E+21    5     0 2  1 1  1 0
  1.937951587512089E+020
   106  -0.2168228270234E+18    5     0 0  3 1  1 0
 -2.168228270234067E+017
   107   -110656299177.4        5     3 0  0 0  2 0
  -110656299177.425     
   108   0.2107476840698E+14    5     2 1  0 0  2 0
   21074768406978.1     
   109  -0.1239404123141E+16    5     1 2  0 0  2 0
 -1.239404123141052E+015
   110   0.2092578437919E+17    5     0 3  0 0  2 0
  2.092578437918640E+016
   111   -3107949133408.        5     1 0  2 0  2 0
  -3107949133407.65     
   112   0.1585440641926E+15    5     0 1  2 0  2 0
   158544064192573.     
   113  -0.1043960402669E+24    5     1 0  1 3  0 0
 -1.043960402669083E+023
   114   0.8457443806428E+25    5     0 1  1 3  0 0
  8.457443806428011E+024
   115  -0.3578829485215E+18    5     2 0  0 2  1 0
 -3.578829485215364E+017
   116   0.4373347470238E+20    5     1 1  0 2  1 0
  4.373347470238340E+019
   117  -0.1208332461075E+22    5     0 2  0 2  1 0
 -1.208332461075250E+021
   118  -0.6591271960012E+19    5     0 0  2 2  1 0
 -6.591271960012061E+018
   119   0.7569280054951E+14    5     1 0  1 1  2 0
   75692800549510.3     
   120  -0.3031948172346E+16    5     0 1  1 1  2 0
 -3.031948172346052E+015
   121    120535057.2958        5     2 0  0 0  3 0
   120535057.295818     
   122   -12086435324.45        5     1 1  0 0  3 0
  -12086435324.4550     
   123    203325779502.4        5     0 2  0 0  3 0
   203325779502.444     
   124   -933116133.4214        5     0 0  2 0  3 0
  -933116133.421362     
   125   0.4340295276095E+24    5     1 0  0 4  0 0
  4.340295276094653E+023
   126  -0.3516347548736E+26    5     0 1  0 4  0 0
 -3.516347548736338E+025
   127   0.2068300213551E+21    5     0 0  1 3  1 0
  2.068300213551243E+020
   128  -0.3966494151084E+15    5     1 0  0 2  2 0
  -396649415108437.     
   129   0.6373482751564E+16    5     0 1  0 2  2 0
  6.373482751564067E+015
   130    4825805648.001        5     0 0  1 1  3 0
   4825805648.00065     
   131    1494.898543262        5     1 0  0 0  4 0
   1494.89854326169     
   132   -571199.9057259        5     0 1  0 0  4 0
  -571199.905725884     
   133  -0.1418968815976E+22    5     0 0  0 4  1 0
 -1.418968815975762E+021
   134    181008584082.3        5     0 0  0 2  3 0
   181008584082.264     
   135   -2.128884071366        5     0 0  0 0  5 0
  -2.12888407136632     
   136  -0.5219057522543E+19    6     6 0  0 0  0 0
 -5.219057522543409E+018
   137   0.2506117766761E+22    6     5 1  0 0  0 0
  2.506117766760536E+021
   138  -0.5014177557216E+24    6     4 2  0 0  0 0
 -5.014177557215820E+023
   139   0.5350529385892E+26    6     3 3  0 0  0 0
  5.350529385892443E+025
   140  -0.3211562730394E+28    6     2 4  0 0  0 0
 -3.211562730394049E+027
   141   0.1028098859962E+30    6     1 5  0 0  0 0
  1.028098859961823E+029
   142  -0.1371330669518E+31    6     0 6  0 0  0 0
 -1.371330669518214E+030
   143  -0.2128670880961E+22    6     4 0  2 0  0 0
 -2.128670880960579E+021
   144   0.6813901659239E+24    6     3 1  2 0  0 0
  6.813901659239004E+023
   145  -0.8179267907327E+26    6     2 2  2 0  0 0
 -8.179267907326980E+025
   146   0.4363655438142E+28    6     1 3  2 0  0 0
  4.363655438142329E+027
   147  -0.8730069465142E+29    6     0 4  2 0  0 0
 -8.730069465142399E+028
   148   0.1115199327466E+24    6     2 0  4 0  0 0
  1.115199327465823E+023
   149  -0.1782019288637E+26    6     1 1  4 0  0 0
 -1.782019288637265E+025
   150   0.7118755270221E+27    6     0 2  4 0  0 0
  7.118755270221263E+026
   151   0.9190019066319E+23    6     0 0  6 0  0 0
  9.190019066318510E+022
   152   0.7109711540747E+23    6     4 0  1 1  0 0
  7.109711540747414E+022
   153  -0.2275830631287E+26    6     3 1  1 1  0 0
 -2.275830631286544E+025
   154   0.2731864315578E+28    6     2 2  1 1  0 0
  2.731864315578068E+027
   155  -0.1457457019052E+30    6     1 3  1 1  0 0
 -1.457457019052478E+029
   156   0.2915839517819E+31    6     0 4  1 1  0 0
  2.915839517818985E+030
   157  -0.7448405486318E+25    6     2 0  3 1  0 0
 -7.448405486318499E+024
   158   0.1190215658039E+28    6     1 1  3 1  0 0
  1.190215658038996E+027
   159  -0.4754663396602E+29    6     0 2  3 1  0 0
 -4.754663396601808E+028
   160  -0.9189646538215E+25    6     0 0  5 1  0 0
 -9.189646538215121E+024
   161   0.4782762632528E+17    6     5 0  0 0  1 0
  4.782762632527538E+016
   162  -0.1809855802073E+20    6     4 1  0 0  1 0
 -1.809855802073095E+019
   163   0.2729021957263E+22    6     3 2  0 0  1 0
  2.729021957262548E+021
   164  -0.2048580026992E+24    6     2 3  0 0  1 0
 -2.048580026992443E+023
   165   0.7650807807159E+25    6     1 4  0 0  1 0
  7.650807807159499E+024
   166  -0.1136372788287E+27    6     0 5  0 0  1 0
 -1.136372788286660E+026
   167   0.1131649763989E+20    6     3 0  2 0  1 0
  1.131649763988772E+019
   168  -0.2617701304202E+22    6     2 1  2 0  1 0
 -2.617701304202158E+021
   169   0.2014316230678E+24    6     1 2  2 0  1 0
  2.014316230678323E+023
   170  -0.5155288716130E+25    6     0 3  2 0  1 0
 -5.155288716130227E+024
   171  -0.6529904421861E+21    6     1 0  4 0  1 0
 -6.529904421861251E+020
   172   0.4792312025056E+23    6     0 1  4 0  1 0
  4.792312025056221E+022
   173  -0.5936540136698E+24    6     4 0  0 2  0 0
 -5.936540136697863E+023
   174   0.1900299183602E+27    6     3 1  0 2  0 0
  1.900299183602232E+026
   175  -0.2281086651691E+29    6     2 2  0 2  0 0
 -2.281086651691181E+028
   176   0.1216967632398E+31    6     1 3  0 2  0 0
  1.216967632397666E+030
   177  -0.2434711468412E+32    6     0 4  0 2  0 0
 -2.434711468411577E+031
   178   0.1865536524702E+27    6     2 0  2 2  0 0
  1.865536524701958E+026
   179  -0.2981045091225E+29    6     1 1  2 2  0 0
 -2.981045091224563E+028
   180   0.1190872076079E+31    6     0 2  2 2  0 0
  1.190872076079082E+030
   181   0.3828852264937E+27    6     0 0  4 2  0 0
  3.828852264937431E+026
   182  -0.3656447727730E+21    6     3 0  1 1  1 0
 -3.656447727729533E+020
   183   0.8448756793182E+23    6     2 1  1 1  1 0
  8.448756793181654E+022
   184  -0.6493496145156E+25    6     1 2  1 1  1 0
 -6.493496145156143E+024
   185   0.1659693946726E+27    6     0 3  1 1  1 0
  1.659693946725571E+026
   186   0.4083993468209E+23    6     1 0  3 1  1 0
  4.083993468208837E+022
   187  -0.2977381402331E+25    6     0 1  3 1  1 0
 -2.977381402331010E+024
   188  -0.3404784971603E+15    6     4 0  0 0  2 0
  -340478497160311.     
   189   0.8727909934710E+17    6     3 1  0 0  2 0
  8.727909934709672E+016
   190  -0.7779252353001E+19    6     2 2  0 0  2 0
 -7.779252353000813E+018
   191   0.2661764521672E+21    6     1 3  0 0  2 0
  2.661764521672194E+020
   192  -0.2247808138955E+22    6     0 4  0 0  2 0
 -2.247808138954870E+021
   193   0.7411892378682E+16    6     2 0  2 0  2 0
  7.411892378681715E+015
   194   0.1068367608938E+19    6     1 1  2 0  2 0
  1.068367608937687E+018
   195  -0.1143979501633E+21    6     0 2  2 0  2 0
 -1.143979501632603E+020
   196  -0.2685170214126E+18    6     0 0  4 0  2 0
 -2.685170214126483E+017
   197  -0.2076634446374E+28    6     2 0  1 3  0 0
 -2.076634446373658E+027
   198   0.3318388867433E+30    6     1 1  1 3  0 0
  3.318388867432858E+029
   199  -0.1325642100371E+32    6     0 2  1 3  0 0
 -1.325642100370729E+031
   200  -0.8508162675464E+28    6     0 0  3 3  0 0
 -8.508162675464409E+027
   201   0.2952012672473E+22    6     3 0  0 2  1 0
  2.952012672473467E+021
   202  -0.6813236818034E+24    6     2 1  0 2  1 0
 -6.813236818033723E+023
   203   0.5229862506403E+26    6     1 2  0 2  1 0
  5.229862506402537E+025
   204  -0.1334849047628E+28    6     0 3  0 2  1 0
 -1.334849047628186E+027
   205  -0.9539712578329E+24    6     1 0  2 2  1 0
 -9.539712578329091E+023
   206   0.6902043905303E+26    6     0 1  2 2  1 0
  6.902043905303160E+025
   207   0.1527692360104E+18    6     2 0  1 1  2 0
  1.527692360103678E+017
   208  -0.8800062062424E+20    6     1 1  1 1  2 0
 -8.800062062423831E+019
   209   0.5445228546072E+22    6     0 2  1 1  2 0
  5.445228546071633E+021
   210   0.1396086880713E+20    6     0 0  3 1  2 0
  1.396086880712977E+019
   211    1968266762736.        6     3 0  0 0  3 0
   1968266762735.73     
   212  -0.2649242342408E+15    6     2 1  0 0  3 0
  -264924234240770.     
   213   0.8856569936955E+16    6     1 2  0 0  3 0
  8.856569936955136E+015
   214  -0.2287613561910E+17    6     0 3  0 0  3 0
 -2.287613561910363E+016
   215   0.6177237266331E+14    6     1 0  2 0  3 0
   61772372663311.6     
   216  -0.3331919596858E+16    6     0 1  2 0  3 0
 -3.331919596858195E+015
   217   0.8668540737370E+28    6     2 0  0 4  0 0
  8.668540737369750E+027
   218  -0.1385210096327E+31    6     1 1  0 4  0 0
 -1.385210096326936E+030
   219   0.5533718934056E+32    6     0 2  0 4  0 0
  5.533718934055759E+031
   220   0.1063467271916E+30    6     0 0  2 4  0 0
  1.063467271916063E+029
   221   0.9858184228635E+25    6     1 0  1 3  1 0
  9.858184228635213E+024
   222  -0.7069957699523E+27    6     0 1  1 3  1 0
 -7.069957699522603E+026
   223  -0.4152237826003E+19    6     2 0  0 2  2 0
 -4.152237826003427E+018
   224   0.1097386171873E+22    6     1 1  0 2  2 0
  1.097386171873409E+021
   225  -0.5607261850022E+23    6     0 2  0 2  2 0
 -5.607261850022461E+022
   226  -0.3358936226992E+21    6     0 0  2 2  2 0
 -3.358936226991901E+020
   227  -0.1381416648784E+16    6     1 0  1 1  3 0
 -1.381416648784404E+015
   228   0.7825262255797E+17    6     0 1  1 1  3 0
  7.825262255796915E+016
   229   -1087768490.195        6     2 0  0 0  4 0
  -1087768490.19517     
   230    50528189293.93        6     1 1  0 0  4 0
   50528189293.9334     
   231    231502344070.1        6     0 2  0 0  4 0
   231502344070.065     
   232    12868993996.16        6     0 0  2 0  4 0
   12868993996.1553     
   233  -0.7089405853009E+30    6     0 0  1 5  0 0
 -7.089405853008849E+029
   234  -0.3799976112617E+26    6     1 0  0 4  1 0
 -3.799976112617192E+025
   235   0.2697320187464E+28    6     0 1  0 4  1 0
  2.697320187463743E+027
   236   0.4536308021522E+22    6     0 0  1 3  2 0
  4.536308021521536E+021
   237   0.7521147759183E+16    6     1 0  0 2  3 0
  7.521147759182779E+015
   238  -0.5124798843386E+18    6     0 1  0 2  3 0
 -5.124798843385871E+017
   239   -263384953258.7        6     0 0  1 1  4 0
  -263384953258.661     
   240   -48855.01609999        6     1 0  0 0  5 0
  -48855.0160999862     
   241   -1096150.496616        6     0 1  0 0  5 0
  -1096150.49661595     
   242   0.1969168785993E+31    6     0 0  0 6  0 0
  1.969168785993438E+030
   243  -0.2621610027789E+23    6     0 0  0 4  2 0
 -2.621610027788669E+022
   244    2377195425551.        6     0 0  0 2  4 0
   2377195425551.31     
   245   -2.417712100873        6     0 0  0 0  6 0
  -2.41771210087287     
                                      

 etall    1, NO =    6, NV =    6, INA =   21
 *********************************************

    I  COEFFICIENT          ORDER   EXPONENTS
     1  -0.9367166143709        1     1 0  0 0  0 0
 -0.936716614370913     
     2    75.16070294879        1     0 1  0 0  0 0
   75.1607029487866     
     3   0.1449353391749E-02    1     0 0  0 0  1 0
  1.449353391748925E-003
     4   -1554.642236933        2     2 0  0 0  0 0
  -1554.64223693339     
     5    248402.8986377        2     1 1  0 0  0 0
   248402.898637709     
     6   -9922543.173151        2     0 2  0 0  0 0
  -9922543.17315094     
     7    10022.69144460        2     0 0  2 0  0 0
   10022.6914446044     
     8   -335213.7518388        2     0 0  1 1  0 0
  -335213.751838831     
     9    11.36668729792        2     1 0  0 0  1 0
   11.3666872979223     
    10   -188.5079005326        2     0 1  0 0  1 0
  -188.507900532647     
    11    2802871.488321        2     0 0  0 2  0 0
   2802871.48832056     
    12   0.2148644002020E-02    2     0 0  0 0  2 0
  2.148644002019589E-003
    13   -4563036.040122        3     3 0  0 0  0 0
  -4563036.04012175     
    14    1095937532.729        3     2 1  0 0  0 0
   1095937532.72895     
    15   -87739324366.88        3     1 2  0 0  0 0
  -87739324366.8824     
    16    2341420178255.        3     0 3  0 0  0 0
   2341420178255.25     
    17    70930091.73483        3     1 0  2 0  0 0
   70930091.7348332     
    18   -5680903061.140        3     0 1  2 0  0 0
  -5680903061.14000     
    19   -2362898224.744        3     1 0  1 1  0 0
  -2362898224.74404     
    20    189247964433.6        3     0 1  1 1  0 0
   189247964433.629     
    21    125.2807647575        3     2 0  0 0  1 0
   125.280764757453     
    22    2344329.593338        3     1 1  0 0  1 0
   2344329.59333792     
    23   -188087600.8476        3     0 2  0 0  1 0
  -188087600.847622     
    24   -984094.6302066        3     0 0  2 0  1 0
  -984094.630206603     
    25    19678848061.21        3     1 0  0 2  0 0
   19678848061.2074     
    26   -1576105239244.        3     0 1  0 2  0 0
  -1576105239243.69     
    27    30417477.68137        3     0 0  1 1  1 0
   30417477.6813737     
    28    16.95908224406        3     1 0  0 0  2 0
   16.9590822440632     
    29   -3934.143499037        3     0 1  0 0  2 0
  -3934.14349903682     
    30   -233464662.7107        3     0 0  0 2  1 0
  -233464662.710724     
    31   0.2711015709156E-01    3     0 0  0 0  3 0
  2.711015709155593E-002
    32   -17594077495.55        4     4 0  0 0  0 0
  -17594077495.5464     
    33    5624297700415.        4     3 1  0 0  0 0
   5624297700414.96     
    34  -0.6742210706858E+15    4     2 2  0 0  0 0
  -674221070685839.     
    35   0.3592152632996E+17    4     1 3  0 0  0 0
  3.592152632996004E+016
    36  -0.7176942623940E+18    4     0 4  0 0  0 0
 -7.176942623939832E+017
    37    6310077031398.        4     2 0  2 0  0 0
   6310077031398.39     
    38  -0.1009592067325E+16    4     1 1  2 0  0 0
 -1.009592067325241E+015
    39   0.4038285353720E+17    4     0 2  2 0  0 0
  4.038285353719559E+016
    40  -0.1795299828980E+15    4     0 0  4 0  0 0
  -179529982898009.     
    41  -0.2104723986553E+15    4     2 0  1 1  0 0
  -210472398655345.     
    42   0.3367489616347E+17    4     1 1  1 1  0 0
  3.367489616347076E+016
    43  -0.1346967711460E+19    4     0 2  1 1  0 0
 -1.346967711459798E+018
    44   0.1197444300895E+17    4     0 0  3 1  0 0
  1.197444300895395E+016
    45    440682417.6791        4     3 0  0 0  1 0
   440682417.679126     
    46   -95340587381.68        4     2 1  0 0  1 0
  -95340587381.6767     
    47    6792156784854.        4     1 2  0 0  1 0
   6792156784853.90     
    48  -0.1588224796680E+15    4     0 3  0 0  1 0
  -158822479667961.     
    49    20958867150.81        4     1 0  2 0  1 0
   20958867150.8058     
    50   -1735117472951.        4     0 1  2 0  1 0
  -1735117472951.00     
    51   0.1755073761746E+16    4     2 0  0 2  0 0
  1.755073761746134E+015
    52  -0.2808059684091E+18    4     1 1  0 2  0 0
 -2.808059684090837E+017
    53   0.1123200012932E+20    4     0 2  0 2  0 0
  1.123200012931681E+019
    54  -0.2995055776596E+18    4     0 0  2 2  0 0
 -2.995055776596466E+017
    55   -715309654251.6        4     1 0  1 1  1 0
  -715309654251.633     
    56   0.5917227769475E+14    4     0 1  1 1  1 0
   59172277694745.6     
    57    137504.4866841        4     2 0  0 0  2 0
   137504.486684059     
    58   -1983179.507714        4     1 1  0 0  2 0
  -1983179.50771360     
    59   -1618079075.487        4     0 2  0 0  2 0
  -1618079075.48679     
    60    28945768.68510        4     0 0  2 0  2 0
   28945768.6851049     
    61   0.3329446060824E+19    4     0 0  1 3  0 0
  3.329446060824393E+018
    62    6099750701435.        4     1 0  0 2  1 0
   6099750701435.31     
    63  -0.5042139662101E+15    4     0 1  0 2  1 0
  -504213966210076.     
    64   -737040999.2459        4     0 0  1 1  2 0
  -737040999.245885     
    65   -414.6687459366        4     1 0  0 0  3 0
  -414.668745936579     
    66    123.8413396332        4     0 1  0 0  3 0
   123.841339633218     
    67  -0.1387938790143E+20    4     0 0  0 4  0 0
 -1.387938790142838E+019
    68    4385770674.354        4     0 0  0 2  2 0
   4385770674.35373     
    69  -0.5895798947090E-01    4     0 0  0 0  4 0
 -5.895798947090321E-002
    70  -0.5322744167978E+14    5     5 0  0 0  0 0
  -53227441679784.1     
    71   0.2137704705424E+17    5     4 1  0 0  0 0
  2.137704705423571E+016
    72  -0.3434105375132E+19    5     3 2  0 0  0 0
 -3.434105375131642E+018
    73   0.2758311846350E+21    5     2 3  0 0  0 0
  2.758311846349950E+020
    74  -0.1107737865034E+23    5     1 4  0 0  0 0
 -1.107737865033872E+022
    75   0.1779444959851E+24    5     0 5  0 0  0 0
  1.779444959850599E+023
    76  -0.6660882695213E+16    5     3 0  2 0  0 0
 -6.660882695213005E+015
    77   0.1613723267866E+19    5     2 1  2 0  0 0
  1.613723267866220E+018
    78  -0.1303067570108E+21    5     1 2  2 0  0 0
 -1.303067570108375E+020
    79   0.3507083586407E+22    5     0 3  2 0  0 0
  3.507083586407473E+021
    80   0.1007609553144E+19    5     1 0  4 0  0 0
  1.007609553144264E+018
    81  -0.8161948220741E+20    5     0 1  4 0  0 0
 -8.161948220741147E+019
    82   0.2195803681282E+18    5     3 0  1 1  0 0
  2.195803681281852E+017
    83  -0.5320392658533E+20    5     2 1  1 1  0 0
 -5.320392658532838E+019
    84   0.4296684604242E+22    5     1 2  1 1  0 0
  4.296684604242312E+021
    85  -0.1156547866737E+24    5     0 3  1 1  0 0
 -1.156547866737261E+023
    86  -0.6702813367342E+20    5     1 0  3 1  0 0
 -6.702813367341743E+019
    87   0.5429699772356E+22    5     0 1  3 1  0 0
  5.429699772356329E+021
    88    1698389205541.        5     4 0  0 0  1 0
   1698389205541.17     
    89  -0.4896078004331E+15    5     3 1  0 0  1 0
  -489607800433138.     
    90   0.5230109514140E+17    5     2 2  0 0  1 0
  5.230109514139605E+016
    91  -0.2446003180780E+19    5     1 3  0 0  1 0
 -2.446003180780119E+018
    92   0.4206641740033E+20    5     0 4  0 0  1 0
  4.206641740033270E+019
    93  -0.2579465622949E+15    5     2 0  2 0  1 0
  -257946562294852.     
    94   0.3166161451361E+17    5     1 1  2 0  1 0
  3.166161451360811E+016
    95  -0.8820905907996E+18    5     0 2  2 0  1 0
 -8.820905907996477E+017
    96   0.1670432094339E+16    5     0 0  4 0  1 0
  1.670432094338888E+015
    97  -0.1809399614376E+19    5     3 0  0 2  0 0
 -1.809399614376038E+018
    98   0.4384689362795E+21    5     2 1  0 2  0 0
  4.384689362795013E+020
    99  -0.3541455254716E+23    5     1 2  0 2  0 0
 -3.541455254716250E+022
   100   0.9533756141429E+24    5     0 3  0 2  0 0
  9.533756141428962E+023
   101   0.1672053216908E+22    5     1 0  2 2  0 0
  1.672053216907959E+021
   102  -0.1354521826136E+24    5     0 1  2 2  0 0
 -1.354521826136428E+023
   103   0.7094614778664E+16    5     2 0  1 1  1 0
  7.094614778664129E+015
   104  -0.8146071759543E+18    5     1 1  1 1  1 0
 -8.146071759543209E+017
   105   0.1976370144396E+20    5     0 2  1 1  1 0
  1.976370144396025E+019
   106  -0.2622625006434E+17    5     0 0  3 1  1 0
 -2.622625006434343E+016
   107   -14673827950.01        5     3 0  0 0  2 0
  -14673827950.0095     
   108    2599334021384.        5     2 1  0 0  2 0
   2599334021383.98     
   109  -0.1421027734238E+15    5     1 2  0 0  2 0
  -142102773423850.     
   110   0.2245952738075E+16    5     0 3  0 0  2 0
  2.245952738075242E+015
   111   -564992452845.9        5     1 0  2 0  2 0
  -564992452845.917     
   112   0.2878475494085E+14    5     0 1  2 0  2 0
   28784754940850.9     
   113  -0.1853776530468E+23    5     1 0  1 3  0 0
 -1.853776530467951E+022
   114   0.1501794833531E+25    5     0 1  1 3  0 0
  1.501794833531464E+024
   115  -0.4657558597563E+17    5     2 0  0 2  1 0
 -4.657558597563048E+016
   116   0.4779308039020E+19    5     1 1  0 2  1 0
  4.779308039019760E+018
   117  -0.8426652905075E+20    5     0 2  0 2  1 0
 -8.426652905075492E+019
   118  -0.1474797557863E+19    5     0 0  2 2  1 0
 -1.474797557862832E+018
   119   0.1382245381884E+14    5     1 0  1 1  2 0
   13822453818843.9     
   120  -0.5449070917229E+15    5     0 1  1 1  2 0
  -544907091722921.     
   121    4377436.658502        5     2 0  0 0  3 0
   4377436.65850163     
   122   -735153596.0555        5     1 1  0 0  3 0
  -735153596.055508     
   123    15521848257.56        5     0 2  0 0  3 0
   15521848257.5640     
   124   -184722023.0113        5     0 0  2 0  3 0
  -184722023.011342     
   125   0.7707131112674E+23    5     1 0  0 4  0 0
  7.707131112674366E+022
   126  -0.6244007003675E+25    5     0 1  0 4  0 0
 -6.244007003675048E+024
   127   0.4008121484231E+20    5     0 0  1 3  1 0
  4.008121484231003E+019
   128  -0.7245150587772E+14    5     1 0  0 2  2 0
  -72451505877717.0     
   129   0.1007612539516E+16    5     0 1  0 2  2 0
  1.007612539516311E+015
   130   -230764649.8735        5     0 0  1 1  3 0
  -230764649.873485     
   131    877.5249091612        5     1 0  0 0  4 0
   877.524909161183     
   132   -40814.21256035        5     0 1  0 0  4 0
  -40814.2125603542     
   133  -0.2658278000130E+21    5     0 0  0 4  1 0
 -2.658278000129949E+020
   134    41983841494.25        5     0 0  0 2  3 0
   41983841494.2459     
   135  -0.3289521766043E-01    5     0 0  0 0  5 0
 -3.289521766042669E-002
   136  -0.9068717568572E+18    6     6 0  0 0  0 0
 -9.068717568571834E+017
   137   0.4354824304062E+21    6     5 1  0 0  0 0
  4.354824304061737E+020
   138  -0.8713331547814E+23    6     4 2  0 0  0 0
 -8.713331547813915E+022
   139   0.9298152209132E+25    6     3 3  0 0  0 0
  9.298152209132183E+024
   140  -0.5581252520979E+27    6     2 4  0 0  0 0
 -5.581252520978659E+026
   141   0.1786757050956E+29    6     1 5  0 0  0 0
  1.786757050956373E+028
   142  -0.2383351945559E+30    6     0 6  0 0  0 0
 -2.383351945559074E+029
   143  -0.3872717362530E+21    6     4 0  2 0  0 0
 -3.872717362530101E+020
   144   0.1239686875308E+24    6     3 1  2 0  0 0
  1.239686875308355E+023
   145  -0.1488125079716E+26    6     2 2  2 0  0 0
 -1.488125079715736E+025
   146   0.7939338442660E+27    6     1 3  2 0  0 0
  7.939338442660400E+026
   147  -0.1588402013836E+29    6     0 4  2 0  0 0
 -1.588402013835675E+028
   148   0.1978996878287E+23    6     2 0  4 0  0 0
  1.978996878287374E+022
   149  -0.3162305120095E+25    6     1 1  4 0  0 0
 -3.162305120095371E+024
   150   0.1263264176316E+27    6     0 2  4 0  0 0
  1.263264176315759E+026
   151   0.1615830805922E+23    6     0 0  6 0  0 0
  1.615830805921579E+022
   152   0.1293465754541E+23    6     4 0  1 1  0 0
  1.293465754541420E+022
   153  -0.4140490485259E+25    6     3 1  1 1  0 0
 -4.140490485258726E+024
   154   0.4970268814799E+27    6     2 2  1 1  0 0
  4.970268814799425E+026
   155  -0.2651706242176E+29    6     1 3  1 1  0 0
 -2.651706242176338E+028
   156   0.5305205076624E+30    6     0 4  1 1  0 0
  5.305205076624071E+029
   157  -0.1321770218282E+25    6     2 0  3 1  0 0
 -1.321770218281553E+024
   158   0.2112112631332E+27    6     1 1  3 1  0 0
  2.112112631331828E+026
   159  -0.8437425309098E+28    6     0 2  3 1  0 0
 -8.437425309097917E+027
   160  -0.1615757991335E+25    6     0 0  5 1  0 0
 -1.615757991335158E+024
   161   0.5511471309942E+16    6     5 0  0 0  1 0
  5.511471309941972E+015
   162  -0.2005468921386E+19    6     4 1  0 0  1 0
 -2.005468921386159E+018
   163   0.2887527456713E+21    6     3 2  0 0  1 0
  2.887527456713116E+020
   164  -0.2050937039288E+23    6     2 3  0 0  1 0
 -2.050937039287768E+022
   165   0.7158975725575E+24    6     1 4  0 0  1 0
  7.158975725575471E+023
   166  -0.9769223242174E+25    6     0 5  0 0  1 0
 -9.769223242173686E+024
   167   0.2063651570164E+19    6     3 0  2 0  1 0
  2.063651570164293E+018
   168  -0.4806639489464E+21    6     2 1  2 0  1 0
 -4.806639489463799E+020
   169   0.3726099518539E+23    6     1 2  2 0  1 0
  3.726099518538817E+022
   170  -0.9612199572472E+24    6     0 3  2 0  1 0
 -9.612199572471975E+023
   171  -0.1146541352231E+21    6     1 0  4 0  1 0
 -1.146541352230838E+020
   172   0.8404787382324E+22    6     0 1  4 0  1 0
  8.404787382323569E+021
   173  -0.1080020439069E+24    6     4 0  0 2  0 0
 -1.080020439068854E+023
   174   0.3457239655267E+26    6     3 1  0 2  0 0
  3.457239655266855E+025
   175  -0.4150096804327E+28    6     2 2  0 2  0 0
 -4.150096804326712E+027
   176   0.2214136612104E+30    6     1 3  0 2  0 0
  2.214136612104366E+029
   177  -0.4429776665692E+31    6     0 4  0 2  0 0
 -4.429776665692217E+030
   178   0.3310521768318E+26    6     2 0  2 2  0 0
  3.310521768317790E+025
   179  -0.5290052759464E+28    6     1 1  2 2  0 0
 -5.290052759463925E+027
   180   0.2113271632926E+30    6     0 2  2 2  0 0
  2.113271632925816E+029
   181   0.6732000437438E+26    6     0 0  4 2  0 0
  6.732000437437847E+025
   182  -0.6705977386826E+20    6     3 0  1 1  1 0
 -6.705977386826452E+019
   183   0.1560929918893E+23    6     2 1  1 1  1 0
  1.560929918892635E+022
   184  -0.1209167918472E+25    6     1 2  1 1  1 0
 -1.209167918471593E+024
   185   0.3116852326393E+26    6     0 3  1 1  1 0
  3.116852326392539E+025
   186   0.7165629441110E+22    6     1 0  3 1  1 0
  7.165629441110027E+021
   187  -0.5217128809538E+24    6     0 1  3 1  1 0
 -5.217128809538375E+023
   188  -0.5015320237726E+14    6     4 0  0 0  2 0
  -50153202377260.5     
   189   0.1130997508372E+17    6     3 1  0 0  2 0
  1.130997508372139E+016
   190  -0.8502665026869E+18    6     2 2  0 0  2 0
 -8.502665026868991E+017
   191   0.2159464732462E+20    6     1 3  0 0  2 0
  2.159464732462327E+019
   192  -0.2229953205918E+20    6     0 4  0 0  2 0
 -2.229953205917964E+019
   193  -0.1175878181776E+16    6     2 0  2 0  2 0
 -1.175878181775779E+015
   194   0.5008942070068E+18    6     1 1  2 0  2 0
  5.008942070067972E+017
   195  -0.2888726426692E+20    6     0 2  2 0  2 0
 -2.888726426691830E+019
   196  -0.4666228287219E+17    6     0 0  4 0  2 0
 -4.666228287218839E+016
   197  -0.3685129769265E+27    6     2 0  1 3  0 0
 -3.685129769265021E+026
   198   0.5888691185977E+29    6     1 1  1 3  0 0
  5.888691185976730E+028
   199  -0.2352429118921E+31    6     0 2  1 3  0 0
 -2.352429118921347E+030
   200  -0.1495923272701E+28    6     0 0  3 3  0 0
 -1.495923272700721E+027
   201   0.5447167110261E+21    6     3 0  0 2  1 0
  5.447167110260513E+020
   202  -0.1267068636010E+24    6     2 1  0 2  1 0
 -1.267068636009936E+023
   203   0.9808089778128E+25    6     1 2  0 2  1 0
  9.808089778127776E+024
   204  -0.2526182142318E+27    6     0 3  0 2  1 0
 -2.526182142318244E+026
   205  -0.1672430843955E+24    6     1 0  2 2  1 0
 -1.672430843954861E+023
   206   0.1208179115836E+26    6     0 1  2 2  1 0
  1.208179115835827E+025
   207   0.9769646932828E+17    6     2 0  1 1  2 0
  9.769646932828334E+016
   208  -0.2376488891819E+20    6     1 1  1 1  2 0
 -2.376488891819069E+019
   209   0.1153903992557E+22    6     0 2  1 1  2 0
  1.153903992556952E+021
   210   0.2498946495797E+19    6     0 0  3 1  2 0
  2.498946495796730E+018
   211    219981838014.6        6     3 0  0 0  3 0
   219981838014.622     
   212  -0.2690651201950E+14    6     2 1  0 0  3 0
  -26906512019502.4     
   213   0.7194867346563E+15    6     1 2  0 0  3 0
   719486734656336.     
   214   0.4034264065261E+16    6     0 3  0 0  3 0
  4.034264065260944E+015
   215   0.1090353902869E+14    6     1 0  2 0  3 0
   10903539028694.7     
   216  -0.5799994936582E+15    6     0 1  2 0  3 0
  -579999493658249.     
   217   0.1538291949897E+28    6     2 0  0 4  0 0
  1.538291949896935E+027
   218  -0.2458143283587E+30    6     1 1  0 4  0 0
 -2.458143283587100E+029
   219   0.9819907619426E+31    6     0 2  0 4  0 0
  9.819907619426154E+030
   220   0.1869802161527E+29    6     0 0  2 4  0 0
  1.869802161526556E+028
   221   0.1726637337259E+25    6     1 0  1 3  1 0
  1.726637337258695E+024
   222  -0.1236099282186E+27    6     0 1  1 3  1 0
 -1.236099282185811E+026
   223  -0.1212038796768E+19    6     2 0  0 2  2 0
 -1.212038796768138E+018
   224   0.2425833787169E+21    6     1 1  0 2  2 0
  2.425833787169147E+020
   225  -0.1063208722541E+23    6     0 2  0 2  2 0
 -1.063208722541097E+022
   226  -0.6232094089815E+20    6     0 0  2 2  2 0
 -6.232094089814972E+019
   227  -0.2400780971912E+15    6     1 0  1 1  3 0
  -240078097191154.     
   228   0.1338804886927E+17    6     0 1  1 1  3 0
  1.338804886927176E+016
   229   -56534668.25261        6     2 0  0 0  4 0
  -56534668.2526100     
   230    2083004213.803        6     1 1  0 0  4 0
   2083004213.80262     
   231    76609253362.05        6     0 2  0 0  4 0
   76609253362.0475     
   232    2231124544.424        6     0 0  2 0  4 0
   2231124544.42431     
   233  -0.1246462879416E+30    6     0 0  1 5  0 0
 -1.246462879416326E+029
   234  -0.6648317308607E+25    6     1 0  0 4  1 0
 -6.648317308607058E+024
   235   0.4709322379759E+27    6     0 1  0 4  1 0
  4.709322379758870E+026
   236   0.8592696854870E+21    6     0 0  1 3  2 0
  8.592696854869770E+020
   237   0.1271956426251E+16    6     1 0  0 2  3 0
  1.271956426251432E+015
   238  -0.8678361606432E+17    6     0 1  0 2  3 0
 -8.678361606431594E+016
   239   -43308207556.60        6     0 0  1 1  4 0
  -43308207556.5963     
   240   -369.4079908139        6     1 0  0 0  5 0
  -369.407990813907     
   241   -463602.1486500        6     0 1  0 0  5 0
  -463602.148649952     
   242   0.3462186202430E+30    6     0 0  0 6  0 0
  3.462186202430221E+029
   243  -0.4978501825987E+22    6     0 0  0 4  2 0
 -4.978501825986844E+021
   244    453318289712.9        6     0 0  0 2  4 0
   453318289712.882     
   245   -1.452322711528        6     0 0  0 0  6 0
  -1.45232271152816     
                                      

 etall    1, NO =    6, NV =    6, INA =   22
 *********************************************

    I  COEFFICIENT          ORDER   EXPONENTS
     1  -0.1273551188433E-02    1     0 0  1 0  0 0
 -1.273551188432975E-003
     2  -0.2633514570152E-01    1     0 0  0 1  0 0
 -2.633514570152329E-002
     3    117.9211377623        2     1 0  1 0  0 0
   117.921137762271     
     4   -10481.12674307        2     0 1  1 0  0 0
  -10481.1267430745     
     5   -2043.580467916        2     1 0  0 1  0 0
  -2043.58046791586     
     6    181019.5800102        2     0 1  0 1  0 0
   181019.580010206     
     7   0.2165826556183        2     0 0  1 0  1 0
  0.216582655618254     
     8   -3.557115536545        2     0 0  0 1  1 0
  -3.55711553654510     
     9   -3927107.457857        3     2 0  1 0  0 0
  -3927107.45785666     
    10    624996302.0254        3     1 1  1 0  0 0
   624996302.025391     
    11   -24865112366.01        3     0 2  1 0  0 0
  -24865112366.0098     
    12    593781059.0568        3     0 0  3 0  0 0
   593781059.056814     
    13    63772376.95701        3     2 0  0 1  0 0
   63772376.9570084     
    14   -10147371444.41        3     1 1  0 1  0 0
  -10147371444.4141     
    15    403628051844.8        3     0 2  0 1  0 0
   403628051844.812     
    16   -29707722200.59        3     0 0  2 1  0 0
  -29707722200.5859     
    17   -14303.71924517        3     1 0  1 0  1 0
  -14303.7192451693     
    18    1142329.985598        3     0 1  1 0  1 0
   1142329.98559761     
    19    495439851318.9        3     0 0  1 2  0 0
   495439851318.898     
    20    232486.2114004        3     1 0  0 1  1 0
   232486.211400449     
    21   -18382170.95058        3     0 1  0 1  1 0
  -18382170.9505825     
    22   -16.05200822771        3     0 0  1 0  2 0
  -16.0520082277139     
    23   -2754172172219.        3     0 0  0 3  0 0
  -2754172172218.67     
    24    243.4840741205        3     0 0  0 1  2 0
   243.484074120490     
    25   -967808322187.2        4     3 0  1 0  0 0
  -967808322187.209     
    26   0.2322961639666E+15    4     2 1  1 0  0 0
   232296163966631.     
    27  -0.1858546681422E+17    4     1 2  1 0  0 0
 -1.858546681421890E+016
    28   0.4956597564951E+18    4     0 3  1 0  0 0
  4.956597564950894E+017
    29   0.1777028486169E+15    4     1 0  3 0  0 0
   177702848616897.     
    30  -0.1422047438874E+17    4     0 1  3 0  0 0
 -1.422047438873617E+016
    31   0.1613149266987E+14    4     3 0  0 1  0 0
   16131492669866.5     
    32  -0.3871923368353E+16    4     2 1  0 1  0 0
 -3.871923368352692E+015
    33   0.3097830852148E+18    4     1 2  0 1  0 0
  3.097830852147736E+017
    34  -0.8261661503091E+19    4     0 3  0 1  0 0
 -8.261661503090606E+018
    35  -0.8889869673983E+16    4     1 0  2 1  0 0
 -8.889869673982538E+015
    36   0.7114019117322E+18    4     0 1  2 1  0 0
  7.114019117322207E+017
    37   -5243636956.967        4     2 0  1 0  1 0
  -5243636956.96680     
    38    845367345202.6        4     1 1  1 0  1 0
   845367345202.558     
    39  -0.3406740927418E+14    4     0 2  1 0  1 0
  -34067409274184.6     
    40   -341788352303.1        4     0 0  3 0  1 0
  -341788352303.058     
    41   0.1482433260184E+18    4     1 0  1 2  0 0
  1.482433260183641E+017
    42  -0.1186300525763E+20    4     0 1  1 2  0 0
 -1.186300525762603E+019
    43    87957427217.93        4     2 0  0 1  1 0
   87957427217.9333     
    44  -0.1417668410360E+14    4     1 1  0 1  1 0
  -14176684103596.9     
    45   0.5711616234028E+15    4     0 2  0 1  1 0
   571161623402785.     
    46   0.1688623704277E+14    4     0 0  2 1  1 0
   16886237042770.0     
    47   -9716868.800789        4     1 0  1 0  2 0
  -9716868.80078897     
    48    788232860.2081        4     0 1  1 0  2 0
   788232860.208096     
    49  -0.8240122308181E+18    4     1 0  0 3  0 0
 -8.240122308181302E+017
    50   0.6594064172807E+20    4     0 1  0 3  0 0
  6.594064172807155E+019
    51  -0.2780465566506E+15    4     0 0  1 2  1 0
  -278046556650566.     
    52    163611769.3984        4     1 0  0 1  2 0
   163611769.398414     
    53   -13275507768.26        4     0 1  0 1  2 0
  -13275507768.2615     
    54    5710.038644668        4     0 0  1 0  3 0
   5710.03864466788     
    55   0.1525841360186E+16    4     0 0  0 3  1 0
  1.525841360185596E+015
    56   -93367.48976110        4     0 0  0 1  3 0
  -93367.4897610974     
    57  -0.2242081326324E+16    5     4 0  1 0  0 0
 -2.242081326323642E+015
    58   0.7168683122875E+18    5     3 1  1 0  0 0
  7.168683122875379E+017
    59  -0.8595254544415E+20    5     2 2  1 0  0 0
 -8.595254544415051E+019
    60   0.4580318234552E+22    5     1 3  1 0  0 0
  4.580318234552242E+021
    61  -0.9153009268644E+23    5     0 4  1 0  0 0
 -9.153009268643819E+022
    62  -0.5858689874118E+18    5     2 0  3 0  0 0
 -5.858689874118130E+017
    63   0.9447039894022E+20    5     1 1  3 0  0 0
  9.447039894021918E+019
    64  -0.3808082819668E+22    5     0 2  3 0  0 0
 -3.808082819667518E+021
    65  -0.2060955249349E+19    5     0 0  5 0  0 0
 -2.060955249348985E+018
    66   0.3752836922876E+17    5     4 0  0 1  0 0
  3.752836922875613E+016
    67  -0.1199904432587E+20    5     3 1  0 1  0 0
 -1.199904432587299E+019
    68   0.1438682477000E+22    5     2 2  0 1  0 0
  1.438682476999924E+021
    69  -0.7666564549463E+23    5     1 3  0 1  0 0
 -7.666564549463030E+022
    70   0.1532032478004E+25    5     0 4  0 1  0 0
  1.532032478003795E+024
    71   0.2918611906864E+20    5     2 0  2 1  0 0
  2.918611906863740E+019
    72  -0.4706388202749E+22    5     1 1  2 1  0 0
 -4.706388202748908E+021
    73   0.1897205164075E+24    5     0 2  2 1  0 0
  1.897205164074987E+023
    74   0.1720707714552E+21    5     0 0  4 1  0 0
  1.720707714552424E+020
    75   0.4543120006367E+14    5     3 0  1 0  1 0
   45431200063666.1     
    76  -0.8687478081072E+16    5     2 1  1 0  1 0
 -8.687478081072304E+015
    77   0.5176830349767E+18    5     1 2  1 0  1 0
  5.176830349766574E+017
    78  -0.9075557197033E+19    5     0 3  1 0  1 0
 -9.075557197033259E+018
    79  -0.1823288048229E+16    5     1 0  3 0  1 0
 -1.823288048229227E+015
    80   0.8215617745581E+16    5     0 1  3 0  1 0
  8.215617745580946E+015
    81  -0.4846444667412E+21    5     2 0  1 2  0 0
 -4.846444667411767E+020
    82   0.7815395283452E+23    5     1 1  1 2  0 0
  7.815395283451522E+022
    83  -0.3150602027286E+25    5     0 2  1 2  0 0
 -3.150602027285729E+024
    84  -0.5746522888224E+22    5     0 0  3 2  0 0
 -5.746522888224222E+021
    85  -0.6410656207152E+15    5     3 0  0 1  1 0
  -641065620715154.     
    86   0.1169167299035E+18    5     2 1  0 1  1 0
  1.169167299034568E+017
    87  -0.6397649857507E+19    5     1 2  0 1  1 0
 -6.397649857506787E+018
    88   0.9177051022468E+20    5     0 3  0 1  1 0
  9.177051022467898E+019
    89   0.2821151887460E+17    5     1 0  2 1  1 0
  2.821151887460136E+016
    90   0.4630668061712E+19    5     0 1  2 1  1 0
  4.630668061711935E+018
    91    181998183916.2        5     2 0  1 0  2 0
   181998183916.155     
    92  -0.2106727461102E+14    5     1 1  1 0  2 0
  -21067274611016.2     
    93   0.5180305118410E+15    5     0 2  1 0  2 0
   518030511841047.     
    94    3445459743613.        5     0 0  3 0  2 0
   3445459743612.81     
    95   0.2682508896781E+22    5     2 0  0 3  0 0
  2.682508896780597E+021
    96  -0.4325987809396E+24    5     1 1  0 3  0 0
 -4.325987809395730E+023
    97   0.1743990334076E+26    5     0 2  0 3  0 0
  1.743990334076342E+025
    98   0.9595612040134E+23    5     0 0  2 3  0 0
  9.595612040133919E+022
    99   0.5801402428451E+18    5     1 0  1 2  1 0
  5.801402428451069E+017
   100  -0.1612913879107E+21    5     0 1  1 2  1 0
 -1.612913879107250E+020
   101   -2411391385374.        5     2 0  0 1  2 0
  -2411391385374.25     
   102   0.2507319424039E+15    5     1 1  0 1  2 0
   250731942403933.     
   103  -0.4584210822343E+16    5     0 2  0 1  2 0
 -4.584210822342872E+015
   104  -0.5122723673865E+14    5     0 0  2 1  2 0
  -51227236738647.1     
   105    173025776.4122        5     1 0  1 0  3 0
   173025776.412189     
   106   -6292984745.079        5     0 1  1 0  3 0
  -6292984745.07913     
   107  -0.8011424169047E+24    5     0 0  1 4  0 0
 -8.011424169047117E+023
   108  -0.9064393916593E+19    5     1 0  0 3  1 0
 -9.064393916593181E+018
   109   0.1363858264826E+22    5     0 1  0 3  1 0
  1.363858264825741E+021
   110  -0.1140493032349E+16    5     0 0  1 2  2 0
 -1.140493032348917E+015
   111   -1730869621.704        5     1 0  0 1  3 0
  -1730869621.70351     
   112    11316217088.56        5     0 1  0 1  3 0
   11316217088.5613     
   113   -21165.21872035        5     0 0  1 0  4 0
  -21165.2187203453     
   114   0.2675508071036E+25    5     0 0  0 5  0 0
  2.675508071035798E+024
   115   0.1728654526493E+17    5     0 0  0 3  2 0
  1.728654526493218E+016
   116   -320487.1697063        5     0 0  0 1  4 0
  -320487.169706290     
   117   0.2228205652962E+20    6     5 0  1 0  0 0
  2.228205652962043E+019
   118  -0.8917971837921E+22    6     4 1  1 0  0 0
 -8.917971837920601E+021
   119   0.1427701089655E+25    6     3 2  1 0  0 0
  1.427701089654683E+024
   120  -0.1142822726647E+27    6     2 3  1 0  0 0
 -1.142822726647056E+026
   121   0.4573943851781E+28    6     1 4  1 0  0 0
  4.573943851781195E+027
   122  -0.7322563734666E+29    6     0 5  1 0  0 0
 -7.322563734665586E+028
   123  -0.1624931190359E+23    6     3 0  3 0  0 0
 -1.624931190358580E+022
   124   0.3899474401038E+25    6     2 1  3 0  0 0
  3.899474401038025E+024
   125  -0.3119282419617E+27    6     1 2  3 0  0 0
 -3.119282419616728E+026
   126   0.8317270896434E+28    6     0 3  3 0  0 0
  8.317270896433977E+027
   127  -0.1267828499175E+23    6     1 0  5 0  0 0
 -1.267828499174717E+022
   128   0.1010179185089E+25    6     0 1  5 0  0 0
  1.010179185089336E+024
   129  -0.3727263334463E+21    6     5 0  0 1  0 0
 -3.727263334463094E+020
   130   0.1491770757973E+24    6     4 1  0 1  0 0
  1.491770757972839E+023
   131  -0.2388220766111E+26    6     3 2  0 1  0 0
 -2.388220766111368E+025
   132   0.1911688960182E+28    6     2 3  0 1  0 0
  1.911688960182252E+027
   133  -0.7651214467885E+29    6     1 4  0 1  0 0
 -7.651214467885249E+028
   134   0.1224909176414E+31    6     0 5  0 1  0 0
  1.224909176413848E+030
   135   0.8139176564498E+24    6     3 0  2 1  0 0
  8.139176564498491E+023
   136  -0.1953226989990E+27    6     2 1  2 1  0 0
 -1.953226989989900E+026
   137   0.1562436906617E+29    6     1 2  2 1  0 0
  1.562436906616571E+028
   138  -0.4166100923768E+30    6     0 3  2 1  0 0
 -4.166100923767817E+029
   139   0.1058371731907E+25    6     1 0  4 1  0 0
  1.058371731907233E+024
   140  -0.8432806596897E+26    6     0 1  4 1  0 0
 -8.432806596896926E+025
   141  -0.7983215455050E+17    6     4 0  1 0  1 0
 -7.983215455049645E+016
   142   0.3248629333902E+20    6     3 1  1 0  1 0
  3.248629333902379E+019
   143  -0.4729780627361E+22    6     2 2  1 0  1 0
 -4.729780627360604E+021
   144   0.2965244327093E+24    6     1 3  1 0  1 0
  2.965244327092924E+023
   145  -0.6814415743185E+25    6     0 4  1 0  1 0
 -6.814415743184641E+024
   146   0.1338151720267E+21    6     2 0  3 0  1 0
  1.338151720267247E+020
   147  -0.2052257952818E+23    6     1 1  3 0  1 0
 -2.052257952817563E+022
   148   0.7848265948401E+24    6     0 2  3 0  1 0
  7.848265948400681E+023
   149   0.2231095447347E+21    6     0 0  5 0  1 0
  2.231095447347054E+020
   150  -0.1358948770022E+26    6     3 0  1 2  0 0
 -1.358948770021990E+025
   151   0.3261192828690E+28    6     2 1  1 2  0 0
  3.261192828690296E+027
   152  -0.2608719577958E+30    6     1 2  1 2  0 0
 -2.608719577957966E+029
   153   0.6955940232127E+31    6     0 3  1 2  0 0
  6.955940232126636E+030
   154  -0.3534077597543E+26    6     1 0  3 2  0 0
 -3.534077597543033E+025
   155   0.2815827177630E+28    6     0 1  3 2  0 0
  2.815827177629648E+027
   156   0.1583147840844E+19    6     4 0  0 1  1 0
  1.583147840844418E+018
   157  -0.6226949905733E+21    6     3 1  0 1  1 0
 -6.226949905732875E+020
   158   0.8863084691515E+23    6     2 2  0 1  1 0
  8.863084691515096E+022
   159  -0.5467480321060E+25    6     1 3  0 1  1 0
 -5.467480321060385E+024
   160   0.1241351050791E+27    6     0 4  0 1  1 0
  1.241351050791094E+026
   161  -0.6484427685297E+22    6     2 0  2 1  1 0
 -6.484427685297159E+021
   162   0.9930214687972E+24    6     1 1  2 1  1 0
  9.930214687972231E+023
   163  -0.3791321085603E+26    6     0 2  2 1  1 0
 -3.791321085603361E+025
   164  -0.1738044409952E+23    6     0 0  4 1  1 0
 -1.738044409952103E+022
   165   0.3756048311581E+15    6     3 0  1 0  2 0
   375604831158076.     
   166  -0.1756755286542E+18    6     2 1  1 0  2 0
 -1.756755286542436E+017
   167   0.1920484240970E+20    6     1 2  1 0  2 0
  1.920484240970074E+019
   168  -0.6043603240638E+21    6     0 3  1 0  2 0
 -6.043603240638210E+020
   169  -0.1277343810804E+18    6     1 0  3 0  2 0
 -1.277343810804337E+017
   170   0.1046505823213E+20    6     0 1  3 0  2 0
  1.046505823213046E+019
   171   0.7563151946089E+26    6     3 0  0 3  0 0
  7.563151946089433E+025
   172  -0.1815003072358E+29    6     2 1  0 3  0 0
 -1.815003072357539E+028
   173   0.1451875673202E+31    6     1 2  0 3  0 0
  1.451875673201740E+030
   174  -0.3871319524233E+32    6     0 3  0 3  0 0
 -3.871319524233172E+031
   175   0.5900435524165E+27    6     1 0  2 3  0 0
  5.900435524165064E+026
   176  -0.4701213726105E+29    6     0 1  2 3  0 0
 -4.701213726104587E+028
   177   0.1046603578919E+24    6     2 0  1 2  1 0
  1.046603578919468E+023
   178  -0.1600262527174E+26    6     1 1  1 2  1 0
 -1.600262527173744E+025
   179   0.6099136371928E+27    6     0 2  1 2  1 0
  6.099136371928453E+026
   180   0.5387934889155E+24    6     0 0  3 2  1 0
  5.387934889154628E+023
   181  -0.1148933396066E+17    6     3 0  0 1  2 0
 -1.148933396065626E+016
   182   0.3917025127377E+19    6     2 1  0 1  2 0
  3.917025127377396E+018
   183  -0.3779289122805E+21    6     1 2  0 1  2 0
 -3.779289122804715E+020
   184   0.1104767103218E+23    6     0 3  0 1  2 0
  1.104767103218455E+022
   185   0.6901132501020E+19    6     1 0  2 1  2 0
  6.901132501019971E+018
   186  -0.5156067129479E+21    6     0 1  2 1  2 0
 -5.156067129479500E+020
   187   -4505452976539.        6     2 0  1 0  3 0
  -4505452976539.16     
   188   0.5110890301226E+15    6     1 1  1 0  3 0
   511089030122600.     
   189  -0.1514582602159E+17    6     0 2  1 0  3 0
 -1.514582602158954E+016
   190  -0.5646956421942E+14    6     0 0  3 0  3 0
  -56469564219421.4     
   191  -0.4925634630272E+28    6     1 0  1 4  0 0
 -4.925634630271821E+027
   192   0.3924498214105E+30    6     0 1  1 4  0 0
  3.924498214105035E+029
   193  -0.5626243092087E+24    6     2 0  0 3  1 0
 -5.626243092086962E+023
   194   0.8588310464001E+26    6     1 1  0 3  1 0
  8.588310464000869E+025
   195  -0.3267237804910E+28    6     0 2  0 3  1 0
 -3.267237804909513E+027
   196  -0.8301408273637E+25    6     0 0  2 3  1 0
 -8.301408273636818E+024
   197  -0.1161562818867E+21    6     1 0  1 2  2 0
 -1.161562818866903E+020
   198   0.7870060567193E+22    6     0 1  1 2  2 0
  7.870060567192945E+021
   199   0.5483482731924E+14    6     2 0  0 1  3 0
   54834827319240.8     
   200  -0.6233402754500E+16    6     1 1  0 1  3 0
 -6.233402754499582E+015
   201   0.1996328168951E+18    6     0 2  0 1  3 0
  1.996328168950753E+017
   202   0.1853926034817E+16    6     0 0  2 1  3 0
  1.853926034817008E+015
   203   -286201155.3949        6     1 0  1 0  4 0
  -286201155.394889     
   204   -45608066889.54        6     0 1  1 0  4 0
  -45608066889.5371     
   205   0.1644752067286E+29    6     1 0  0 5  0 0
  1.644752067286484E+028
   206  -0.1310443805957E+31    6     0 1  0 5  0 0
 -1.310443805956928E+030
   207   0.6350289764687E+26    6     0 0  1 4  1 0
  6.350289764686732E+025
   208   0.6102536033353E+21    6     1 0  0 3  2 0
  6.102536033353496E+020
   209  -0.3638764429735E+23    6     0 1  0 3  2 0
 -3.638764429734590E+022
   210  -0.2903289648505E+17    6     0 0  1 2  3 0
 -2.903289648505234E+016
   211   -13282423563.26        6     1 0  0 1  4 0
  -13282423563.2636     
   212    1308181285169.        6     0 1  0 1  4 0
   1308181285169.33     
   213    448386.0000549        6     0 0  1 0  5 0
   448386.000054904     
   214  -0.1926862464723E+27    6     0 0  0 5  1 0
 -1.926862464722901E+026
   215   0.2294572481793E+18    6     0 0  0 3  3 0
  2.294572481792557E+017
   216   -6378829.747351        6     0 0  0 1  5 0
  -6378829.74735123     
                                      

 etall    1, NO =    6, NV =    6, INA =   23
 *********************************************

    I  COEFFICIENT          ORDER   EXPONENTS
     1    21.02097522756        1     0 0  1 0  0 0
   21.0209752275584     
     2   -350.5234485377        1     0 0  0 1  0 0
  -350.523448537749     
     3   -34262.91232126        2     1 0  1 0  0 0
  -34262.9123212559     
     4    2770707.566281        2     0 1  1 0  0 0
   2770707.56628116     
     5    566613.8469481        2     1 0  0 1  0 0
   566613.846948144     
     6   -45824957.44266        2     0 1  0 1  0 0
  -45824957.4426611     
     7   -42.70759129149        2     0 0  1 0  1 0
  -42.7075912914873     
     8   -1780.825478949        2     0 0  0 1  1 0
  -1780.82547894890     
     9   -688198998.7188        3     2 0  1 0  0 0
  -688198998.718759     
    10    110134510921.1        3     1 1  1 0  0 0
   110134510921.125     
    11   -4406286086814.        3     0 2  1 0  0 0
  -4406286086813.62     
    12   -353088314.5133        3     0 0  3 0  0 0
  -353088314.513251     
    13    11510022565.00        3     2 0  0 1  0 0
   11510022564.9957     
    14   -1841989386123.        3     1 1  0 1  0 0
  -1841989386122.55     
    15   0.7369498635754E+14    3     0 2  0 1  0 0
   73694986357541.7     
    16    17631109108.51        3     0 0  2 1  0 0
   17631109108.5061     
    17    3678109.439309        3     1 0  1 0  1 0
   3678109.43930865     
    18   -267889358.0856        3     0 1  1 0  1 0
  -267889358.085588     
    19   -293456804693.1        3     0 0  1 2  0 0
  -293456804693.081     
    20   -57214910.99014        3     1 0  0 1  1 0
  -57214910.9901375     
    21    4137731385.158        3     0 1  0 1  1 0
   4137731385.15831     
    22    610.4409501945        3     0 0  1 0  2 0
   610.440950194455     
    23    1628084353906.        3     0 0  0 3  0 0
   1628084353906.39     
    24   -10367.15849118        3     0 0  0 1  2 0
  -10367.1584911810     
    25   -1057857723066.        4     3 0  1 0  0 0
  -1057857723065.72     
    26   0.2537966934674E+15    4     2 1  1 0  0 0
   253796693467363.     
    27  -0.2029660954883E+17    4     1 2  1 0  0 0
 -2.029660954883415E+016
    28   0.5410530811317E+18    4     0 3  1 0  0 0
  5.410530811316799E+017
    29   0.2611780755782E+14    4     1 0  3 0  0 0
   26117807557817.6     
    30  -0.2091778132127E+16    4     0 1  3 0  0 0
 -2.091778132127164E+015
    31   0.1782637689210E+14    4     3 0  0 1  0 0
   17826376892100.6     
    32  -0.4276835020272E+16    4     2 1  0 1  0 0
 -4.276835020271697E+015
    33   0.3420272814145E+18    4     1 2  0 1  0 0
  3.420272814145356E+017
    34  -0.9117543372416E+19    4     0 3  0 1  0 0
 -9.117543372415963E+018
    35  -0.1306451069763E+16    4     1 0  2 1  0 0
 -1.306451069763030E+015
    36   0.1046338971336E+18    4     0 1  2 1  0 0
  1.046338971335813E+017
    37    13504710209.69        4     2 0  1 0  1 0
   13504710209.6928     
    38   -1104361151976.        4     1 1  1 0  1 0
  -1104361151976.38     
    39    1901565482357.        4     0 2  1 0  1 0
   1901565482356.71     
    40   -102816313230.1        4     0 0  3 0  1 0
  -102816313230.090     
    41   0.2178355271435E+17    4     1 0  1 2  0 0
  2.178355271434542E+016
    42  -0.1744649998341E+19    4     0 1  1 2  0 0
 -1.744649998341265E+018
    43   -145248225684.3        4     2 0  0 1  1 0
  -145248225684.326     
    44    5569113133125.        4     1 1  0 1  1 0
   5569113133124.85     
    45   0.4843518625415E+15    4     0 2  0 1  1 0
   484351862541518.     
    46    5272877776773.        4     0 0  2 1  1 0
   5272877776772.57     
    47   -55104165.99124        4     1 0  1 0  2 0
  -55104165.9912411     
    48    1819175604.598        4     0 1  1 0  2 0
   1819175604.59759     
    49  -0.1210719144084E+18    4     1 0  0 3  0 0
 -1.210719144084363E+017
    50   0.9696686701951E+19    4     0 1  0 3  0 0
  9.696686701951478E+018
    51  -0.9007698220988E+14    4     0 0  1 2  1 0
  -90076982209882.2     
    52    491108182.1133        4     1 0  0 1  2 0
   491108182.113316     
    53    741081271.3930        4     0 1  0 1  2 0
   741081271.392989     
    54   -3922.940571275        4     0 0  1 0  3 0
  -3922.94057127535     
    55   0.5125954379063E+15    4     0 0  0 3  1 0
   512595437906294.     
    56   -15353.18141944        4     0 0  0 1  3 0
  -15353.1814194442     
    57   0.3219467307091E+15    5     4 0  1 0  0 0
   321946730709103.     
    58  -0.1030455623076E+18    5     3 1  1 0  0 0
 -1.030455623076258E+017
    59   0.1236815600609E+20    5     2 2  1 0  0 0
  1.236815600608866E+019
    60  -0.6597770797448E+21    5     1 3  1 0  0 0
 -6.597770797447702E+020
    61   0.1319835775257E+23    5     0 4  1 0  0 0
  1.319835775257134E+022
    62  -0.3499362595186E+17    5     2 0  3 0  0 0
 -3.499362595185802E+016
    63   0.5696092456304E+19    5     1 1  3 0  0 0
  5.696092456303753E+018
    64  -0.2317316969734E+21    5     0 2  3 0  0 0
 -2.317316969733937E+020
    65  -0.2681634604130E+18    5     0 0  5 0  0 0
 -2.681634604130466E+017
    66  -0.5308601307057E+16    5     4 0  0 1  0 0
 -5.308601307056667E+015
    67   0.1699163576829E+19    5     3 1  0 1  0 0
  1.699163576829098E+018
    68  -0.2039485581585E+21    5     2 2  0 1  0 0
 -2.039485581584609E+020
    69   0.1087984428379E+23    5     1 3  0 1  0 0
  1.087984428378606E+022
    70  -0.2176482122876E+24    5     0 4  0 1  0 0
 -2.176482122876195E+023
    71   0.1730334123694E+19    5     2 0  2 1  0 0
  1.730334123694010E+018
    72  -0.2817133863087E+21    5     1 1  2 1  0 0
 -2.817133863086642E+020
    73   0.1146310817160E+23    5     0 2  2 1  0 0
  1.146310817159695E+022
    74   0.2239262083981E+20    5     0 0  4 1  0 0
  2.239262083981339E+019
    75  -0.4241453434332E+14    5     3 0  1 0  1 0
  -42414534343318.8     
    76   0.1260512136937E+17    5     2 1  1 0  1 0
  1.260512136936550E+016
    77  -0.1202325595801E+19    5     1 2  1 0  1 0
 -1.202325595801460E+018
    78   0.3722951806921E+20    5     0 3  1 0  1 0
  3.722951806920688E+019
    79  -0.2381003052399E+15    5     1 0  3 0  1 0
  -238100305239883.     
    80  -0.1258655327891E+16    5     0 1  3 0  1 0
 -1.258655327891382E+015
    81  -0.2851609166256E+20    5     2 0  1 2  0 0
 -2.851609166255971E+019
    82   0.4643645313619E+22    5     1 1  1 2  0 0
  4.643645313619435E+021
    83  -0.1889915716072E+24    5     0 2  1 2  0 0
 -1.889915716072368E+023
    84  -0.7479452955163E+21    5     0 0  3 2  0 0
 -7.479452955163397E+020
    85   0.8306707142788E+15    5     3 0  0 1  1 0
   830670714278845.     
    86  -0.2402270031567E+18    5     2 1  0 1  1 0
 -2.402270031567023E+017
    87   0.2248518308067E+20    5     1 2  0 1  1 0
  2.248518308066957E+019
    88  -0.6866653251182E+21    5     0 3  0 1  1 0
 -6.866653251182215E+020
    89   0.2677825584943E+16    5     1 0  2 1  1 0
  2.677825584943226E+015
    90   0.8023988934350E+18    5     0 1  2 1  1 0
  8.023988934349559E+017
    91   -26347238909.01        5     2 0  1 0  2 0
  -26347238909.0100     
    92   -7537277435111.        5     1 1  1 0  2 0
  -7537277435111.13     
    93   0.3660715851422E+15    5     0 2  1 0  2 0
   366071585142244.     
    94    968196337341.3        5     0 0  3 0  2 0
   968196337341.268     
    95   0.1566273515091E+21    5     2 0  0 3  0 0
  1.566273515090652E+020
    96  -0.2551116811336E+23    5     1 1  0 3  0 0
 -2.551116811336156E+022
    97   0.1038494725403E+25    5     0 2  0 3  0 0
  1.038494725403231E+024
    98   0.1249120511982E+23    5     0 0  2 3  0 0
  1.249120511981556E+022
    99   0.1092870005081E+18    5     1 0  1 2  1 0
  1.092870005080691E+017
   100  -0.2570827547039E+20    5     0 1  1 2  1 0
 -2.570827547038951E+019
   101   -959988905692.4        5     2 0  0 1  2 0
  -959988905692.400     
   102   0.2264043602635E+15    5     1 1  0 1  2 0
   226404360263535.     
   103  -0.5183930601384E+16    5     0 2  0 1  2 0
 -5.183930601384123E+015
   104  -0.1163137583743E+14    5     0 0  2 1  2 0
  -11631375837429.8     
   105    307142134.9117        5     1 0  1 0  3 0
   307142134.911703     
   106   -4292460042.558        5     0 1  1 0  3 0
  -4292460042.55779     
   107  -0.1043057962719E+24    5     0 0  1 4  0 0
 -1.043057962719032E+023
   108  -0.1462976962844E+19    5     1 0  0 3  1 0
 -1.462976962843896E+018
   109   0.2114100052876E+21    5     0 1  0 3  1 0
  2.114100052876380E+020
   110  -0.4355295367192E+15    5     0 0  1 2  2 0
  -435529536719249.     
   111    526473889.4424        5     1 0  0 1  3 0
   526473889.442426     
   112   -79821450227.35        5     0 1  0 1  3 0
  -79821450227.3477     
   113    2737.531068957        5     0 0  1 0  4 0
   2737.53106895746     
   114   0.3483951744943E+24    5     0 0  0 5  0 0
  3.483951744943090E+023
   115   0.6007064619879E+16    5     0 0  0 3  2 0
  6.007064619879164E+015
   116    274024.8525342        5     0 0  0 1  4 0
   274024.852534157     
   117   0.4316467324998E+19    6     5 0  1 0  0 0
  4.316467324997718E+018
   118  -0.1727919147138E+22    6     4 1  1 0  0 0
 -1.727919147138372E+021
   119   0.2766809845863E+24    6     3 2  1 0  0 0
  2.766809845862913E+023
   120  -0.2215165380966E+26    6     2 3  1 0  0 0
 -2.215165380966237E+025
   121   0.8867556107156E+27    6     1 4  1 0  0 0
  8.867556107156208E+026
   122  -0.1419916044590E+29    6     0 5  1 0  0 0
 -1.419916044589889E+028
   123  -0.2141589884176E+22    6     3 0  3 0  0 0
 -2.141589884176494E+021
   124   0.5140330892464E+24    6     2 1  3 0  0 0
  5.140330892463861E+023
   125  -0.4112665855382E+26    6     1 2  3 0  0 0
 -4.112665855382102E+025
   126   0.1096814934483E+28    6     0 3  3 0  0 0
  1.096814934483050E+027
   127  -0.1846283829811E+22    6     1 0  5 0  0 0
 -1.846283829811459E+021
   128   0.1472372505283E+24    6     0 1  5 0  0 0
  1.472372505282904E+023
   129  -0.7246793016858E+20    6     5 0  0 1  0 0
 -7.246793016858144E+019
   130   0.2900945330793E+23    6     4 1  0 1  0 0
  2.900945330793313E+022
   131  -0.4645090332625E+25    6     3 2  0 1  0 0
 -4.645090332624923E+024
   132   0.3718944761938E+27    6     2 3  0 1  0 0
  3.718944761938434E+026
   133  -0.1488731008139E+29    6     1 4  0 1  0 0
 -1.488731008139367E+028
   134   0.2383821152392E+30    6     0 5  0 1  0 0
  2.383821152391924E+029
   135   0.1072444836839E+24    6     3 0  2 1  0 0
  1.072444836838896E+023
   136  -0.2574132721368E+26    6     2 1  2 1  0 0
 -2.574132721367984E+025
   137   0.2059512760383E+28    6     1 2  2 1  0 0
  2.059512760383209E+027
   138  -0.5492570234186E+29    6     0 3  2 1  0 0
 -5.492570234185675E+028
   139   0.1541125794391E+24    6     1 0  4 1  0 0
  1.541125794391191E+023
   140  -0.1229004173765E+26    6     0 1  4 1  0 0
 -1.229004173764761E+025
   141  -0.1122142559349E+18    6     4 0  1 0  1 0
 -1.122142559348789E+017
   142   0.3497180508593E+20    6     3 1  1 0  1 0
  3.497180508592778E+019
   143  -0.4084164528838E+22    6     2 2  1 0  1 0
 -4.084164528838391E+021
   144   0.2118224991616E+24    6     1 3  1 0  1 0
  2.118224991615691E+023
   145  -0.4116415221019E+25    6     0 4  1 0  1 0
 -4.116415221019453E+024
   146   0.1913722076149E+20    6     2 0  3 0  1 0
  1.913722076149146E+019
   147  -0.3009910958644E+22    6     1 1  3 0  1 0
 -3.009910958643864E+021
   148   0.1182399276951E+24    6     0 2  3 0  1 0
  1.182399276950880E+023
   149   0.2975686657731E+20    6     0 0  5 0  1 0
  2.975686657731182E+019
   150  -0.1790155085138E+25    6     3 0  1 2  0 0
 -1.790155085137550E+024
   151   0.4296826631878E+27    6     2 1  1 2  0 0
  4.296826631877798E+026
   152  -0.3437815653058E+29    6     1 2  1 2  0 0
 -3.437815653058185E+028
   153   0.9168428821745E+30    6     0 3  1 2  0 0
  9.168428821745468E+029
   154  -0.5145624440634E+25    6     1 0  3 2  0 0
 -5.145624440633836E+024
   155   0.4103452328670E+27    6     0 1  3 2  0 0
  4.103452328670221E+026
   156   0.1851214802921E+19    6     4 0  0 1  1 0
  1.851214802920677E+018
   157  -0.5769476657705E+21    6     3 1  0 1  1 0
 -5.769476657704541E+020
   158   0.6738002860028E+23    6     2 2  0 1  1 0
  6.738002860027786E+022
   159  -0.3494697912026E+25    6     1 3  0 1  1 0
 -3.494697912026389E+024
   160   0.6791509633141E+26    6     0 4  0 1  1 0
  6.791509633141325E+025
   161  -0.9448990976233E+21    6     2 0  2 1  1 0
 -9.448990976232578E+020
   162   0.1485769636715E+24    6     1 1  2 1  1 0
  1.485769636715257E+023
   163  -0.5835061476163E+25    6     0 2  2 1  1 0
 -5.835061476163031E+024
   164  -0.2321877421604E+22    6     0 0  4 1  1 0
 -2.321877421603843E+021
   165   0.2811516574288E+16    6     3 0  1 0  2 0
  2.811516574288083E+015
   166  -0.5568883649611E+18    6     2 1  1 0  2 0
 -5.568883649611277E+017
   167   0.3326821068607E+20    6     1 2  1 0  2 0
  3.326821068607209E+019
   168  -0.5369186678830E+21    6     0 3  1 0  2 0
 -5.369186678829989E+020
   169  -0.1941030083249E+17    6     1 0  3 0  2 0
 -1.941030083249227E+016
   170   0.1565576891651E+19    6     0 1  3 0  2 0
  1.565576891650741E+018
   171   0.9960551673450E+25    6     3 0  0 3  0 0
  9.960551673450491E+024
   172  -0.2390791860848E+28    6     2 1  0 3  0 0
 -2.390791860847983E+027
   173   0.1912835939096E+30    6     1 2  0 3  0 0
  1.912835939095979E+029
   174  -0.5101422063126E+31    6     0 3  0 3  0 0
 -5.101422063126323E+030
   175   0.8590302680717E+26    6     1 0  2 3  0 0
  8.590302680717292E+025
   176  -0.6850398171833E+28    6     0 1  2 3  0 0
 -6.850398171832823E+027
   177   0.1555354126469E+23    6     2 0  1 2  1 0
  1.555354126469330E+022
   178  -0.2445040043421E+25    6     1 1  1 2  1 0
 -2.445040043421159E+024
   179   0.9599810629738E+26    6     0 2  1 2  1 0
  9.599810629738099E+025
   180   0.7211215156069E+23    6     0 0  3 2  1 0
  7.211215156069273E+022
   181  -0.4167576501275E+17    6     3 0  0 1  2 0
 -4.167576501274506E+016
   182   0.7750048847371E+19    6     2 1  0 1  2 0
  7.750048847371327E+018
   183  -0.4086245964695E+21    6     1 2  0 1  2 0
 -4.086245964695207E+020
   184   0.4428499372689E+22    6     0 3  0 1  2 0
  4.428499372688517E+021
   185   0.1035016213788E+19    6     1 0  2 1  2 0
  1.035016213788386E+018
   186  -0.7625847687787E+20    6     0 1  2 1  2 0
 -7.625847687787166E+019
   187   -1256896316800.        6     2 0  1 0  3 0
  -1256896316799.89     
   188   0.1444003426227E+15    6     1 1  1 0  3 0
   144400342622709.     
   189  -0.2443853306873E+16    6     0 2  1 0  3 0
 -2.443853306873325E+015
   190   -7992267629377.        6     0 0  3 0  3 0
  -7992267629377.05     
   191  -0.7170496557379E+27    6     1 0  1 4  0 0
 -7.170496557379374E+026
   192   0.5718111571576E+29    6     0 1  1 4  0 0
  5.718111571575730E+028
   193  -0.8535200292092E+23    6     2 0  0 3  1 0
 -8.535200292092271E+022
   194   0.1341406834720E+26    6     1 1  0 3  1 0
  1.341406834719591E+025
   195  -0.5265253729105E+27    6     0 2  0 3  1 0
 -5.265253729104965E+026
   196  -0.1113443726376E+25    6     0 0  2 3  1 0
 -1.113443726375607E+024
   197  -0.1723839872368E+20    6     1 0  1 2  2 0
 -1.723839872367529E+019
   198   0.1150144993128E+22    6     0 1  1 2  2 0
  1.150144993127806E+021
   199   0.2102538196764E+14    6     2 0  0 1  3 0
   21025381967639.6     
   200  -0.1317236972541E+16    6     1 1  0 1  3 0
 -1.317236972540859E+015
   201   0.5340485904638E+15    6     0 2  0 1  3 0
   534048590463799.     
   202   0.1335180757923E+15    6     0 0  2 1  3 0
   133518075792282.     
   203   -563056200.8127        6     1 0  1 0  4 0
  -563056200.812746     
   204   -24366408316.19        6     0 1  1 0  4 0
  -24366408316.1947     
   205   0.2394144544445E+28    6     1 0  0 5  0 0
  2.394144544445289E+027
   206  -0.1909192890316E+30    6     0 1  0 5  0 0
 -1.909192890316118E+029
   207   0.8538788661864E+25    6     0 0  1 4  1 0
  8.538788661864459E+024
   208   0.8965699719919E+20    6     1 0  0 3  2 0
  8.965699719919306E+019
   209  -0.5233598198727E+22    6     0 1  0 3  2 0
 -5.233598198726853E+021
   210  -0.2178776913264E+16    6     0 0  1 2  3 0
 -2.178776913264080E+015
   211   -16581202510.76        6     1 0  0 1  4 0
  -16581202510.7632     
   212    701170695413.1        6     0 1  0 1  4 0
   701170695413.115     
   213    148252.1530448        6     0 0  1 0  5 0
   148252.153044813     
   214  -0.2598614076664E+26    6     0 0  0 5  1 0
 -2.598614076663600E+025
   215   0.3690375914833E+17    6     0 0  0 3  3 0
  3.690375914833209E+016
   216   -2498311.648501        6     0 0  0 1  5 0
  -2498311.64850145     
                                      

 etall    1, NO =    6, NV =    6, INA =   24
 *********************************************

    I  COEFFICIENT          ORDER   EXPONENTS
     1    1.000000000000        1     0 0  0 0  1 0
   1.00000000000000     
                                      

 etall    1, NO =    6, NV =    6, INA =   25
 *********************************************

    I  COEFFICIENT          ORDER   EXPONENTS
     1   0.2131628207280E-13    0     0 0  0 0  0 0
  2.131628207280301E-014
     2   0.9999872920776E-05    1     1 0  0 0  0 0
  9.999872920775826E-006
     3   0.7448638555415E-03    1     0 1  0 0  0 0
  7.448638555414538E-004
     4  -0.1135920667352E-03    1     0 0  0 0  1 0
 -1.135920667352217E-004
     5    1.000000000000        1     0 0  0 0  0 1
   1.00000000000000     
     6  -0.4033748821688E-01    2     2 0  0 0  0 0
 -4.033748821688343E-002
     7    13.48346908432        2     1 1  0 0  0 0
   13.4834690843172     
     8   -436.8731457020        2     0 2  0 0  0 0
  -436.873145701960     
     9   -4.240627723487        2     0 0  2 0  0 0
  -4.24062772348736     
    10    145.9882540374        2     0 0  1 1  0 0
   145.988254037442     
    11  -0.6162955392756E-03    2     1 0  0 0  1 0
 -6.162955392756131E-004
    12   0.6508929014150E-01    2     0 1  0 0  1 0
  6.508929014150394E-002
    13   -1195.753085552        2     0 0  0 2  0 0
  -1195.75308555237     
    14   0.2668838471476E-03    2     0 0  0 0  2 0
  2.668838471476077E-004
    15    10096.94988688        3     3 0  0 0  0 0
   10096.9498868773     
    16   -2476305.479519        3     2 1  0 0  0 0
  -2476305.47951889     
    17    202350020.9928        3     1 2  0 0  0 0
   202350020.992821     
    18   -5509284909.398        3     0 3  0 0  0 0
  -5509284909.39780     
    19    270215.7713894        3     1 0  2 0  0 0
   270215.771389374     
    20   -22526237.88348        3     0 1  2 0  0 0
  -22526237.8834835     
    21   -9064783.712058        3     1 0  1 1  0 0
  -9064783.71205755     
    22    755495846.4794        3     0 1  1 1  0 0
   755495846.479414     
    23    34.73887211183        3     2 0  0 0  1 0
   34.7388721118265     
    24   -5468.646709008        3     1 1  0 0  1 0
  -5468.64670900831     
    25    216295.4961779        3     0 2  0 0  1 0
   216295.496177926     
    26    551.1590752205        3     0 0  2 0  1 0
   551.159075220451     
    27    76017001.59774        3     1 0  0 2  0 0
   76017001.5977374     
    28   -6334085700.603        3     0 1  0 2  0 0
  -6334085700.60307     
    29   -17656.97692817        3     0 0  1 1  1 0
  -17656.9769281694     
    30   0.6935331733309E-01    3     1 0  0 0  2 0
  6.935331733309204E-002
    31   -4.756685129973        3     0 1  0 0  2 0
  -4.75668512997328     
    32    140886.9115008        3     0 0  0 2  1 0
   140886.911500831     
    33  -0.3168474148082E-03    3     0 0  0 0  3 0
 -3.168474148082123E-004
    34    635285368.4291        4     4 0  0 0  0 0
   635285368.429149     
    35   -203458461007.5        4     3 1  0 0  0 0
  -203458461007.506     
    36   0.2443506064596E+14    4     2 2  0 0  0 0
   24435060645955.4     
    37  -0.1304271687828E+16    4     1 3  0 0  0 0
 -1.304271687827691E+015
    38   0.2610679023737E+17    4     0 4  0 0  0 0
  2.610679023737016E+016
    39    102542328567.2        4     2 0  2 0  0 0
   102542328567.151     
    40  -0.1640871172246E+14    4     1 1  2 0  0 0
  -16408711722459.1     
    41   0.6564233763062E+15    4     0 2  2 0  0 0
   656423376306248.     
    42    309776840919.9        4     0 0  4 0  0 0
   309776840919.912     
    43   -3419838921792.        4     2 0  1 1  0 0
  -3419838921791.78     
    44   0.5472392085773E+15    4     1 1  1 1  0 0
   547239208577298.     
    45  -0.2189207883548E+17    4     0 2  1 1  0 0
 -2.189207883548030E+016
    46  -0.2065992452947E+14    4     0 0  3 1  0 0
  -20659924529469.2     
    47    509946.7686461        4     3 0  0 0  1 0
   509946.768646090     
    48   -144639257.6705        4     2 1  0 0  1 0
  -144639257.670533     
    49    13432409457.57        4     1 2  0 0  1 0
   13432409457.5743     
    50   -409996227893.4        4     0 3  0 0  1 0
  -409996227893.390     
    51    375754053.6302        4     1 0  2 0  1 0
   375754053.630160     
    52   -30285426459.11        4     0 1  2 0  1 0
  -30285426459.1131     
    53   0.2851335391524E+14    4     2 0  0 2  0 0
   28513353915235.6     
    54  -0.4562680987858E+16    4     1 1  0 2  0 0
 -4.562680987857989E+015
    55   0.1825282732999E+18    4     0 2  0 2  0 0
  1.825282732998931E+017
    56   0.5167013333837E+15    4     0 0  2 2  0 0
   516701333383691.     
    57   -12593371549.41        4     1 0  1 1  1 0
  -12593371549.4120     
    58    1015232666913.        4     0 1  1 1  1 0
   1015232666913.50     
    59   -6296.899046833        4     2 0  0 0  2 0
  -6296.89904683294     
    60    955903.6217635        4     1 1  0 0  2 0
   955903.621763497     
    61   -36176979.79148        4     0 2  0 0  2 0
  -36176979.7914775     
    62   -20290.31814530        4     0 0  2 0  2 0
  -20290.3181452971     
    63  -0.5743382165241E+16    4     0 0  1 3  0 0
 -5.743382165241134E+015
    64    105520323111.2        4     1 0  0 2  1 0
   105520323111.202     
    65   -8508479349926.        4     0 1  0 2  1 0
  -8508479349925.68     
    66    548596.3399797        4     0 0  1 1  2 0
   548596.339979733     
    67    1.929167531942        4     1 0  0 0  3 0
   1.92916753194226     
    68   -200.5498461673        4     0 1  0 0  3 0
  -200.549846167302     
    69   0.2394015265115E+17    4     0 0  0 4  0 0
  2.394015265115002E+016
    70   -3532016.164252        4     0 0  0 2  2 0
  -3532016.16425174     
    71   0.2565979598508E-02    4     0 0  0 0  4 0
  2.565979598507763E-003
    72    2621873078169.        5     5 0  0 0  0 0
   2621873078168.89     
    73  -0.1048804987218E+16    5     4 1  0 0  0 0
 -1.048804987217682E+015
    74   0.1678179074353E+18    5     3 2  0 0  0 0
  1.678179074352865E+017
    75  -0.1342617647025E+20    5     2 3  0 0  0 0
 -1.342617647025242E+019
    76   0.5370774198951E+21    5     1 4  0 0  0 0
  5.370774198951206E+020
    77  -0.8593734214973E+22    5     0 5  0 0  0 0
 -8.593734214973495E+021
    78  -0.2825881178651E+15    5     3 0  2 0  0 0
  -282588117865104.     
    79   0.6815966767062E+17    5     2 1  2 0  0 0
  6.815966767062002E+016
    80  -0.5479854712519E+19    5     1 2  2 0  0 0
 -5.479854712519175E+018
    81   0.1468516178625E+21    5     0 3  2 0  0 0
  1.468516178624685E+020
    82  -0.1390120293334E+16    5     1 0  4 0  0 0
 -1.390120293334377E+015
    83   0.1127425771619E+18    5     0 1  4 0  0 0
  1.127425771619468E+017
    84   0.9380299554900E+16    5     3 0  1 1  0 0
  9.380299554900220E+015
    85  -0.2262573143510E+19    5     2 1  1 1  0 0
 -2.262573143509547E+018
    86   0.1819099449175E+21    5     1 2  1 1  0 0
  1.819099449174520E+020
    87  -0.4875040767069E+22    5     0 3  1 1  0 0
 -4.875040767069294E+021
    88   0.9266037616684E+17    5     1 0  3 1  0 0
  9.266037616683670E+016
    89  -0.7515142706009E+19    5     0 1  3 1  0 0
 -7.515142706009037E+018
    90   -35621109389.93        5     4 0  0 0  1 0
  -35621109389.9300     
    91    9460736184127.        5     3 1  0 0  1 0
   9460736184127.04     
    92  -0.9023425646058E+15    5     2 2  0 0  1 0
  -902342564605841.     
    93   0.3568072576003E+17    5     1 3  0 0  1 0
  3.568072576002633E+016
    94  -0.4643219320003E+18    5     0 4  0 0  1 0
 -4.643219320002908E+017
    95   -5118266445449.        5     2 0  2 0  1 0
  -5118266445448.73     
    96   0.6632430832934E+15    5     1 1  2 0  1 0
   663243083293440.     
    97  -0.2030111079777E+17    5     0 2  2 0  1 0
 -2.030111079776921E+016
    98  -0.1877526489181E+14    5     0 0  4 0  1 0
  -18775264891810.0     
    99  -0.7784143096849E+17    5     3 0  0 2  0 0
 -7.784143096848624E+016
   100   0.1877626454301E+20    5     2 1  0 2  0 0
  1.877626454300698E+019
   101  -0.1509646812428E+22    5     1 2  0 2  0 0
 -1.509646812428103E+021
   102   0.4045846390698E+23    5     0 3  0 2  0 0
  4.045846390697762E+022
   103  -0.2316156164827E+19    5     1 0  2 2  0 0
 -2.316156164827034E+018
   104   0.1878532022631E+21    5     0 1  2 2  0 0
  1.878532022631156E+020
   105   0.1462286150517E+15    5     2 0  1 1  1 0
   146228615051735.     
   106  -0.1820415882600E+17    5     1 1  1 1  1 0
 -1.820415882600496E+016
   107   0.5204222547989E+18    5     0 2  1 1  1 0
  5.204222547988860E+017
   108   0.1105965579396E+16    5     0 0  3 1  1 0
  1.105965579395908E+015
   109   -34989172.19984        5     3 0  0 0  2 0
  -34989172.1998413     
   110    7021473552.899        5     2 1  0 0  2 0
   7021473552.89930     
   111   -434638158393.3        5     1 2  0 0  2 0
  -434638158393.256     
   112    7717054054269.        5     0 3  0 0  2 0
   7717054054269.48     
   113   -8049157591.490        5     1 0  2 0  2 0
  -8049157591.48983     
   114    354594149527.4        5     0 1  2 0  2 0
   354594149527.392     
   115   0.2573119391730E+20    5     1 0  1 3  0 0
  2.573119391730187E+019
   116  -0.2086980003432E+22    5     0 1  1 3  0 0
 -2.086980003432463E+021
   117  -0.1015194152039E+16    5     2 0  0 2  1 0
 -1.015194152039273E+015
   118   0.1191349879925E+18    5     1 1  0 2  1 0
  1.191349879924620E+017
   119  -0.3033165294881E+19    5     0 2  0 2  1 0
 -3.033165294880809E+018
   120  -0.2400330682782E+17    5     0 0  2 2  1 0
 -2.400330682781547E+016
   121    179211502695.4        5     1 0  1 1  2 0
   179211502695.399     
   122   -4634917724299.        5     0 1  1 1  2 0
  -4634917724298.63     
   123    155405.6341963        5     2 0  0 0  3 0
   155405.634196270     
   124   -15671460.62860        5     1 1  0 0  3 0
  -15671460.6286039     
   125    278681611.1119        5     0 2  0 0  3 0
   278681611.111910     
   126    301596.8348525        5     0 0  2 0  3 0
   301596.834852541     
   127  -0.1071973741856E+21    5     1 0  0 4  0 0
 -1.071973741855891E+020
   128   0.8694609397590E+22    5     0 1  0 4  0 0
  8.694609397589658E+021
   129   0.2261623730459E+18    5     0 0  1 3  1 0
  2.261623730459434E+017
   130   -746676283453.7        5     1 0  0 2  2 0
  -746676283453.709     
   131  -0.2161219675347E+14    5     0 1  0 2  2 0
  -21612196753473.0     
   132   -5523554.234195        5     0 0  1 1  3 0
  -5523554.23419521     
   133   -25.40401585547        5     1 0  0 0  4 0
  -25.4040158554727     
   134    170.4033559344        5     0 1  0 0  4 0
   170.403355934372     
   135  -0.7732899596559E+18    5     0 0  0 4  1 0
 -7.732899596558726E+017
   136    15752116.54259        5     0 0  0 2  3 0
   15752116.5425860     
   137  -0.1111652679102E-01    5     0 0  0 0  5 0
 -1.111652679101721E-002
   138   0.7305715630514E+16    6     6 0  0 0  0 0
  7.305715630514200E+015
   139  -0.3512916115089E+19    6     5 1  0 0  0 0
 -3.512916115089045E+018
   140   0.7038193165347E+21    6     4 2  0 0  0 0
  7.038193165346984E+020
   141  -0.7520607802343E+23    6     3 3  0 0  0 0
 -7.520607802343059E+022
   142   0.4520295796573E+25    6     2 4  0 0  0 0
  4.520295796573495E+024
   143  -0.1449035831633E+27    6     1 5  0 0  0 0
 -1.449035831632639E+026
   144   0.1935440305399E+28    6     0 6  0 0  0 0
  1.935440305398549E+027
   145  -0.5823376122583E+19    6     4 0  2 0  0 0
 -5.823376122582902E+018
   146   0.1863427729468E+22    6     3 1  2 0  0 0
  1.863427729467743E+021
   147  -0.2236048385650E+24    6     2 2  2 0  0 0
 -2.236048385649748E+023
   148   0.1192523608990E+26    6     1 3  2 0  0 0
  1.192523608990464E+025
   149  -0.2384974318840E+27    6     0 4  2 0  0 0
 -2.384974318839901E+026
   150  -0.4562881624756E+20    6     2 0  4 0  0 0
 -4.562881624755610E+019
   151   0.7308075166005E+22    6     1 1  4 0  0 0
  7.308075166005185E+021
   152  -0.2926194904115E+24    6     0 2  4 0  0 0
 -2.926194904115131E+023
   153  -0.1944970841702E+20    6     0 0  6 0  0 0
 -1.944970841701644E+019
   154   0.1946044312076E+21    6     4 0  1 1  0 0
  1.946044312076457E+020
   155  -0.6227183443244E+23    6     3 1  1 1  0 0
 -6.227183443244008E+022
   156   0.7472424302100E+25    6     2 2  1 1  0 0
  7.472424302099504E+024
   157  -0.3985185432209E+27    6     1 3  1 1  0 0
 -3.985185432208713E+026
   158   0.7970149651411E+28    6     0 4  1 1  0 0
  7.970149651411099E+027
   159   0.3045547465366E+22    6     2 0  3 1  0 0
  3.045547465365641E+021
   160  -0.4877864222476E+24    6     1 1  3 1  0 0
 -4.877864222475791E+023
   161   0.1953126978829E+26    6     0 2  3 1  0 0
  1.953126978828880E+025
   162   0.1944784656008E+22    6     0 0  5 1  0 0
  1.944784656007516E+021
   163  -0.1758252600850E+15    6     5 0  0 0  1 0
  -175825260085040.     
   164   0.6031126342017E+17    6     4 1  0 0  1 0
  6.031126342016658E+016
   165  -0.8046622397833E+19    6     3 2  0 0  1 0
 -8.046622397832584E+018
   166   0.5154617590976E+21    6     2 3  0 0  1 0
  5.154617590976233E+020
   167  -0.1548718558324E+23    6     1 4  0 0  1 0
 -1.548718558323947E+022
   168   0.1656851186815E+24    6     0 5  0 0  1 0
  1.656851186815125E+023
   169  -0.6475600649159E+16    6     3 0  2 0  1 0
 -6.475600649158979E+015
   170   0.2193265167425E+19    6     2 1  2 0  1 0
  2.193265167425361E+018
   171  -0.2271080835368E+21    6     1 2  2 0  1 0
 -2.271080835367641E+020
   172   0.7447256941418E+22    6     0 3  2 0  1 0
  7.447256941417730E+021
   173   0.1166516232507E+18    6     1 0  4 0  1 0
  1.166516232507231E+017
   174  -0.8340328595069E+19    6     0 1  4 0  1 0
 -8.340328595068759E+018
   175  -0.1625801960927E+22    6     4 0  0 2  0 0
 -1.625801960927323E+021
   176   0.5202448587256E+24    6     3 1  0 2  0 0
  5.202448587255999E+023
   177  -0.6242792223916E+26    6     2 2  0 2  0 0
 -6.242792223916500E+025
   178   0.3329408694000E+28    6     1 3  0 2  0 0
  3.329408693999926E+027
   179  -0.6658651253752E+29    6     0 4  0 2  0 0
 -6.658651253751844E+028
   180  -0.7622939383682E+23    6     2 0  2 2  0 0
 -7.622939383681568E+022
   181   0.1220920349541E+26    6     1 1  2 2  0 0
  1.220920349541453E+025
   182  -0.4888646465490E+27    6     0 2  2 2  0 0
 -4.888646465489501E+026
   183  -0.8102445333045E+23    6     0 0  4 2  0 0
 -8.102445333044832E+022
   184   0.2865937751272E+18    6     3 0  1 1  1 0
  2.865937751272342E+017
   185  -0.9007673462818E+20    6     2 1  1 1  1 0
 -9.007673462817687E+019
   186   0.8926942998644E+22    6     1 2  1 1  1 0
  8.926942998644274E+021
   187  -0.2844003451979E+24    6     0 3  1 1  1 0
 -2.844003451979082E+023
   188  -0.7112319070123E+19    6     1 0  3 1  1 0
 -7.112319070122966E+018
   189   0.5021559366847E+21    6     0 1  3 1  1 0
  5.021559366846511E+020
   190    931432474070.2        6     4 0  0 0  2 0
   931432474070.203     
   191  -0.2056071280664E+15    6     3 1  0 0  2 0
  -205607128066400.     
   192   0.1579899766371E+17    6     2 2  0 0  2 0
  1.579899766370682E+016
   193  -0.4880496559383E+18    6     1 3  0 0  2 0
 -4.880496559383404E+017
   194   0.5049755934054E+19    6     0 4  0 0  2 0
  5.049755934053862E+018
   195   0.1372068039491E+15    6     2 0  2 0  2 0
   137206803949118.     
   196  -0.1546526612421E+17    6     1 1  2 0  2 0
 -1.546526612420969E+016
   197   0.4181941483030E+18    6     0 2  2 0  2 0
  4.181941483030269E+017
   198   0.2424529589247E+15    6     0 0  4 0  2 0
   242452958924693.     
   199   0.8480016522808E+24    6     2 0  1 3  0 0
  8.480016522808339E+023
   200  -0.1358194899686E+27    6     1 1  1 3  0 0
 -1.358194899685933E+026
   201   0.5438309514687E+28    6     0 2  1 3  0 0
  5.438309514687346E+027
   202   0.1800349519642E+25    6     0 0  3 3  0 0
  1.800349519642006E+024
   203  -0.2973134472766E+19    6     3 0  0 2  1 0
 -2.973134472765977E+018
   204   0.8909240771633E+21    6     2 1  0 2  1 0
  8.909240771633460E+020
   205  -0.8560777284142E+23    6     1 2  0 2  1 0
 -8.560777284142213E+022
   206   0.2668952540774E+25    6     0 3  0 2  1 0
  2.668952540773954E+024
   207   0.1612015170557E+21    6     1 0  2 2  1 0
  1.612015170556597E+020
   208  -0.1120759966322E+23    6     0 1  2 2  1 0
 -1.120759966321790E+022
   209  -0.3408885534650E+16    6     2 0  1 1  2 0
 -3.408885534649570E+015
   210   0.3662001276656E+18    6     1 1  1 1  2 0
  3.662001276655985E+017
   211  -0.9450352965372E+19    6     0 2  1 1  2 0
 -9.450352965372002E+018
   212  -0.7583606943909E+16    6     0 0  3 1  2 0
 -7.583606943908994E+015
   213    677486333.1911        6     3 0  0 0  3 0
   677486333.191074     
   214   -93887532140.61        6     2 1  0 0  3 0
  -93887532140.6138     
   215    3218216179461.        6     1 2  0 0  3 0
   3218216179460.65     
   216   -7957108837743.        6     0 3  0 0  3 0
  -7957108837742.55     
   217    74816152890.00        6     1 0  2 0  3 0
   74816152889.9998     
   218   -2278579296356.        6     0 1  2 0  3 0
  -2278579296356.44     
   219  -0.3537544039705E+25    6     2 0  0 4  0 0
 -3.537544039704972E+024
   220   0.5665885353843E+27    6     1 1  0 4  0 0
  5.665885353843385E+026
   221  -0.2268663769151E+29    6     0 2  0 4  0 0
 -2.268663769151320E+028
   222  -0.2250181050410E+26    6     0 0  2 4  0 0
 -2.250181050409502E+025
   223  -0.1606665521279E+22    6     1 0  1 3  1 0
 -1.606665521278878E+021
   224   0.1095738185820E+24    6     0 1  1 3  1 0
  1.095738185820050E+023
   225   0.2015132540974E+17    6     2 0  0 2  2 0
  2.015132540973866E+016
   226  -0.2039699685085E+19    6     1 1  0 2  2 0
 -2.039699685085361E+018
   227   0.5064533122637E+20    6     0 2  0 2  2 0
  5.064533122636602E+019
   228   0.8015656929255E+15    6     0 0  2 2  2 0
   801565692925520.     
   229   -775136357359.5        6     1 0  1 1  3 0
  -775136357359.506     
   230    7098909365999.        6     0 1  1 1  3 0
   7098909365998.79     
   231   -1622165.690468        6     2 0  0 0  4 0
  -1622165.69046807     
   232    99586252.00209        6     1 1  0 0  4 0
   99586252.0020850     
   233   -935459531.5117        6     0 2  0 0  4 0
  -935459531.511722     
   234   -2468885.250382        6     0 0  2 0  4 0
  -2468885.25038181     
   235   0.1499941116211E+27    6     0 0  1 5  0 0
  1.499941116211228E+026
   236   0.5926065732746E+22    6     1 0  0 4  1 0
  5.926065732745683E+021
   237  -0.3942603095439E+24    6     0 1  0 4  1 0
 -3.942603095439211E+023
   238   0.1802748007096E+19    6     0 0  1 3  2 0
  1.802748007096419E+018
   239   -2581040234681.        6     1 0  0 2  3 0
  -2581040234681.44     
   240   0.8839051788977E+14    6     0 1  0 2  3 0
   88390517889765.2     
   241    19983007.13031        6     0 0  1 1  4 0
   19983007.1303069     
   242    64.96707608058        6     1 0  0 0  5 0
   64.9670760805780     
   243   -1660.006652872        6     0 1  0 0  5 0
  -1660.00665287176     
   244  -0.4165979136650E+27    6     0 0  0 6  0 0
 -4.165979136649695E+026
   245  -0.1386695813470E+20    6     0 0  0 4  2 0
 -1.386695813470392E+019
   246    100732735.5830        6     0 0  0 2  4 0
   100732735.583046     
   247   0.4500269783088E-01    6     0 0  0 0  6 0
  4.500269783087733E-002
                                      
