
 etall    1, NO =    6, NV =    6, INA =   17
 *********************************************

    I  COEFFICIENT          ORDER   EXPONENTS
     1    1.000000000000        1     1 0  0 0  0 0
   1.00000000000000     
     2   0.3000000000000        1     0 1  0 0  0 0
  0.300000000000000     
     3  -0.3000000391680        2     0 1  0 0  1 0
 -0.300000039167991     
     4  -0.3000000000000E-02    3     3 0  0 0  0 0
 -3.000000000000001E-003
     5  -0.9000000000000E-03    3     2 1  0 0  0 0
 -9.000000000000002E-004
     6  -0.1350000000000E-03    3     1 2  0 0  0 0
 -1.350000000000001E-004
     7  -0.8100000000000E-05    3     0 3  0 0  0 0
 -8.100000000000012E-006
     8   0.9000000000000E-02    3     1 0  2 0  0 0
  8.999999999999999E-003
     9   0.9000000000000E-03    3     0 1  2 0  0 0
  9.000000000000002E-004
    10   0.1800000000000E-02    3     1 0  1 1  0 0
  1.800000000000000E-003
    11   0.2700000000000E-03    3     0 1  1 1  0 0
  2.700000000000003E-004
    12   0.1350000000000E-03    3     1 0  0 2  0 0
  1.350000000000001E-004
    13   0.2430000000000E-04    3     0 1  0 2  0 0
  2.430000000000004E-005
    14   0.3000001175040        3     0 1  0 0  2 0
  0.300000117503980     
    15   0.3000000391680E-02    4     3 0  0 0  1 0
  3.000000391679906E-003
    16   0.1796693567910E-02    4     2 1  0 0  1 0
  1.796693567909558E-003
    17   0.4045040528120E-03    4     1 2  0 0  1 0
  4.045040528120296E-004
    18   0.3235077622372E-04    4     0 3  0 0  1 0
  3.235077622371580E-005
    19  -0.9000001175040E-02    4     1 0  2 0  1 0
 -9.000001175039719E-003
    20  -0.1796693567910E-02    4     0 1  2 0  1 0
 -1.796693567909558E-003
    21  -0.3593387135819E-02    4     1 0  1 1  1 0
 -3.593387135819117E-003
    22  -0.8090081056241E-03    4     0 1  1 1  1 0
 -8.090081056240593E-004
    23  -0.4045040528120E-03    4     1 0  0 2  1 0
 -4.045040528120296E-004
    24  -0.9705232867115E-04    4     0 1  0 2  1 0
 -9.705232867114741E-005
    25  -0.3000002350080        4     0 1  0 0  3 0
 -0.300000235007982     
    26   0.4495666666667E-05    5     5 0  0 0  0 0
  4.495666666666667E-006
    27   0.2427831600000E-05    5     4 1  0 0  0 0
  2.427831600000001E-006
    28   0.5663494800000E-06    5     3 2  0 0  0 0
  5.663494800000006E-007
    29   0.7278284232000E-07    5     2 3  0 0  0 0
  7.278284232000011E-008
    30   0.5455776222000E-08    5     1 4  0 0  0 0
  5.455776222000012E-009
    31   0.1817471297979E-09    5     0 5  0 0  0 0
  1.817471297979004E-010
    32   0.8991333333333E-05    5     3 0  2 0  0 0
  8.991333333333331E-006
    33   0.1617398400000E-05    5     2 1  2 0  0 0
  1.617398400000001E-006
    34  -0.8139024000000E-07    5     1 2  2 0  0 0
 -8.139024000000017E-008
    35  -0.3494852640000E-08    5     0 3  2 0  0 0
 -3.494852640000009E-009
    36   0.4495666666667E-05    5     1 0  4 0  0 0
  4.495666666666665E-006
    37  -0.8104332000000E-06    5     0 1  4 0  0 0
 -8.104332000000009E-007
    38   0.3238264800000E-05    5     3 0  1 1  0 0
  3.238264800000001E-006
    39   0.1133219520000E-05    5     2 1  1 1  0 0
  1.133219520000001E-006
    40   0.9011659644000E-07    5     1 2  1 1  0 0
  9.011659644000013E-008
    41   0.3114911052000E-08    5     0 3  1 1  0 0
  3.114911052000006E-009
    42   0.3238264800000E-05    5     1 0  3 1  0 0
  3.238264800000001E-006
    43  -0.1622599200000E-06    5     0 1  3 1  0 0
 -1.622599200000003E-007
    44   0.8086968000000E-07    5     3 0  0 2  0 0
  8.086968000000001E-008
    45   0.5894394084000E-07    5     2 1  0 2  0 0
  5.894394084000008E-008
    46   0.7796641392000E-08    5     1 2  0 2  0 0
  7.796641392000017E-009
    47   0.3634942595958E-09    5     0 3  0 2  0 0
  3.634942595958010E-010
    48   0.7286094000000E-06    5     1 0  2 2  0 0
  7.286094000000007E-007
    49   0.1034404884000E-07    5     0 1  2 2  0 0
  1.034404884000001E-008
    50  -0.3000001175040E-02    5     3 0  0 0  2 0
 -3.000001175039794E-003
    51  -0.2692248641280E-02    5     2 1  0 0  2 0
 -2.692248641279542E-003
    52  -0.8083414194416E-03    5     1 2  0 0  2 0
 -8.083414194415944E-004
    53  -0.8078607158523E-04    5     0 3  0 0  2 0
 -8.078607158523147E-005
    54   0.9000003525119E-02    5     1 0  2 0  2 0
  9.000003525119383E-003
    55   0.2692248641280E-02    5     0 1  2 0  2 0
  2.692248641279542E-003
    56   0.6243879348000E-07    5     1 0  1 3  0 0
  6.243879348000010E-008
    57   0.3114911052000E-08    5     0 1  1 3  0 0
  3.114911052000007E-009
    58   0.5384497282559E-02    5     1 0  1 1  2 0
  5.384497282559084E-003
    59   0.1616682838883E-02    5     0 1  1 1  2 0
  1.616682838883189E-003
    60   0.2340865170000E-08    5     1 0  0 4  0 0
  2.340865170000005E-009
    61   0.1817471297979E-09    5     0 1  0 4  0 0
  1.817471297979005E-010
    62   0.8083414194416E-03    5     1 0  0 2  2 0
  8.083414194415944E-004
    63   0.2423582147557E-03    5     0 1  0 2  2 0
  2.423582147556944E-004
    64   0.3000003916800        5     0 1  0 0  4 0
  0.300000391680021     
    65  -0.8990599692331E-05    6     5 0  0 0  1 0
 -8.990599692330779E-006
    66  -0.7266756299858E-05    6     4 1  0 0  1 0
 -7.266756299858462E-006
    67  -0.2258899540255E-05    6     3 2  0 0  1 0
 -2.258899540255149E-006
    68  -0.3628419407006E-06    6     2 3  0 0  1 0
 -3.628419407006266E-007
    69  -0.3264192586253E-07    6     1 4  0 0  1 0
 -3.264192586252831E-008
    70  -0.1268316145649E-08    6     0 5  0 0  1 0
 -1.268316145649457E-009
    71  -0.1798119938466E-04    6     3 0  2 0  1 0
 -1.798119938466156E-005
    72  -0.4832064844207E-05    6     2 1  2 0  1 0
 -4.832064844207486E-006
    73   0.3271261307096E-06    6     1 2  2 0  1 0
  3.271261307095722E-007
    74   0.1730189613413E-07    6     0 3  2 0  1 0
  1.730189613413476E-008
    75  -0.8990599692331E-05    6     1 0  4 0  1 0
 -8.990599692330779E-006
    76   0.2434691455651E-05    6     0 1  4 0  1 0
  2.434691455650978E-006
    77  -0.9701447755509E-05    6     3 0  1 1  1 0
 -9.701447755509440E-006
    78  -0.4523930334644E-05    6     2 1  1 1  1 0
 -4.523930334644128E-006
    79  -0.4491574990468E-06    6     1 2  1 1  1 0
 -4.491574990467819E-007
    80  -0.1863631640308E-07    6     0 3  1 1  1 0
 -1.863631640307659E-008
    81  -0.9701447755509E-05    6     1 0  3 1  1 0
 -9.701447755509440E-006
    82   0.6481210072853E-06    6     0 1  3 1  1 0
  6.481210072853150E-007
    83  -0.3209948765757E-06    6     3 0  0 2  1 0
 -3.209948765757423E-007
    84  -0.2938282784886E-06    6     2 1  0 2  1 0
 -2.938282784886061E-007
    85  -0.4664753532198E-07    6     1 2  0 2  1 0
 -4.664753532198001E-008
    86  -0.2536632291299E-08    6     0 3  0 2  1 0
 -2.536632291298915E-009
    87  -0.2907020547540E-05    6     1 0  2 2  1 0
 -2.907020547540464E-006
    88  -0.5171176607789E-07    6     0 1  2 2  1 0
 -5.171176607788569E-008
    89   0.3000002350080E-02    6     3 0  0 0  3 0
  3.000002350079819E-003
    90   0.3587804416920E-02    6     2 1  0 0  3 0
  3.587804416920197E-003
    91   0.1346512257954E-02    6     1 2  0 0  3 0
  1.346512257954293E-003
    92   0.1614395827714E-03    6     0 3  0 0  3 0
  1.614395827714293E-004
    93  -0.9000007050239E-02    6     1 0  2 0  3 0
 -9.000007050239461E-003
    94  -0.3587804416920E-02    6     0 1  2 0  3 0
 -3.587804416920197E-003
    95  -0.3111301746227E-06    6     1 0  1 3  1 0
 -3.111301746227408E-007
    96  -0.1863631640308E-07    6     0 1  1 3  1 0
 -1.863631640307659E-008
    97  -0.7175608833840E-02    6     1 0  1 1  3 0
 -7.175608833840394E-003
    98  -0.2693024515909E-02    6     0 1  1 1  3 0
 -2.693024515908586E-003
    99  -0.1400560945945E-07    6     1 0  0 4  1 0
 -1.400560945945171E-008
   100  -0.1268316145649E-08    6     0 1  0 4  1 0
 -1.268316145649457E-009
   101  -0.1346512257954E-02    6     1 0  0 2  3 0
 -1.346512257954293E-003
   102  -0.4843187483143E-03    6     0 1  0 2  3 0
 -4.843187483142877E-004
   103  -0.3000005875201        6     0 1  0 0  5 0
 -0.300000587520127     
                                      

 etall    1, NO =    6, NV =    6, INA =   21
 *********************************************

    I  COEFFICIENT          ORDER   EXPONENTS
     1    1.000000000000        1     0 1  0 0  0 0
   1.00000000000000     
     2  -0.2000000000000E-01    3     3 0  0 0  0 0
 -1.999999999999999E-002
     3  -0.9000000000000E-02    3     2 1  0 0  0 0
 -9.000000000000006E-003
     4  -0.1800000000000E-02    3     1 2  0 0  0 0
 -1.800000000000002E-003
     5  -0.1350000000000E-03    3     0 3  0 0  0 0
 -1.350000000000003E-004
     6   0.6000000000000E-01    3     1 0  2 0  0 0
  6.000000000000000E-002
     7   0.9000000000000E-02    3     0 1  2 0  0 0
  9.000000000000006E-003
     8   0.1800000000000E-01    3     1 0  1 1  0 0
  1.800000000000001E-002
     9   0.3600000000000E-02    3     0 1  1 1  0 0
  3.600000000000005E-003
    10   0.1800000000000E-02    3     1 0  0 2  0 0
  1.800000000000002E-003
    11   0.4050000000000E-03    3     0 1  0 2  0 0
  4.050000000000008E-004
    12   0.9000001175040E-02    4     2 1  0 0  1 0
  9.000001175039714E-003
    13   0.3603307137114E-02    4     1 2  0 0  1 0
  3.603307137114274E-003
    14   0.4054960529415E-03    4     0 3  0 0  1 0
  4.054960529415453E-004
    15  -0.9000001175040E-02    4     0 1  2 0  1 0
 -9.000001175039714E-003
    16  -0.1800000235008E-01    4     1 0  1 1  1 0
 -1.800000235007943E-002
    17  -0.7206614274229E-02    4     0 1  1 1  1 0
 -7.206614274228547E-003
    18  -0.3603307137114E-02    4     1 0  0 2  1 0
 -3.603307137114274E-003
    19  -0.1216488158825E-02    4     0 1  0 2  1 0
 -1.216488158824636E-003
    20   0.5997111111111E-04    5     5 0  0 0  0 0
  5.997111111111112E-005
    21   0.4047833333333E-04    5     4 1  0 0  0 0
  4.047833333333336E-005
    22   0.1133133680000E-04    5     3 2  0 0  0 0
  1.133133680000001E-005
    23   0.1699051560000E-05    5     2 3  0 0  0 0
  1.699051560000003E-006
    24   0.1455663128400E-06    5     1 4  0 0  0 0
  1.455663128400003E-007
    25   0.5455823526000E-08    5     0 5  0 0  0 0
  5.455823526000016E-009
    26   0.1199422222222E-03    5     3 0  2 0  0 0
  1.199422222222222E-004
    27   0.2697400000000E-04    5     2 1  2 0  0 0
  2.697400000000000E-005
    28  -0.1625198400000E-05    5     1 2  2 0  0 0
 -1.625198400000004E-006
    29  -0.8138976000000E-07    5     0 3  2 0  0 0
 -8.138976000000006E-008
    30   0.5997111111111E-04    5     1 0  4 0  0 0
  5.997111111111107E-005
    31  -0.1350433333333E-04    5     0 1  4 0  0 0
 -1.350433333333335E-005
    32   0.5398266666667E-04    5     3 0  1 1  0 0
  5.398266666666668E-005
    33   0.2266960560000E-04    5     2 1  1 1  0 0
  2.266960560000003E-005
    34   0.2103662160000E-05    5     1 2  1 1  0 0
  2.103662160000003E-006
    35   0.8312735052000E-07    5     0 3  1 1  0 0
  8.312735052000020E-008
    36   0.5398266666667E-04    5     1 0  3 1  0 0
  5.398266666666669E-005
    37  -0.3243464800000E-05    5     0 1  3 1  0 0
 -3.243464800000007E-006
    38   0.1618266400000E-05    5     3 0  0 2  0 0
  1.618266399999999E-006
    39   0.1375830720000E-05    5     2 1  0 2  0 0
  1.375830720000002E-006
    40   0.2080052751600E-06    5     1 2  0 2  0 0
  2.080052751600005E-007
    41   0.1091164705200E-07    5     0 3  0 2  0 0
  1.091164705200003E-008
    42   0.1457480160000E-04    5     1 0  2 2  0 0
  1.457480160000002E-005
    43   0.2418310800000E-06    5     0 1  2 2  0 0
  2.418310800000004E-007
    44  -0.9000003525119E-02    5     2 1  0 0  2 0
 -9.000003525119381E-003
    45  -0.5407754178816E-02    5     1 2  0 0  2 0
 -5.407754178815966E-003
    46  -0.8116591093263E-03    5     0 3  0 0  2 0
 -8.116591093263137E-004
    47   0.9000003525119E-02    5     0 1  2 0  2 0
  9.000003525119381E-003
    48   0.1457220480000E-05    5     1 0  1 3  0 0
  1.457220480000002E-006
    49   0.8312735052000E-07    5     0 1  1 3  0 0
  8.312735052000020E-008
    50   0.1800000705024E-01    5     1 0  1 1  2 0
  1.800000705023876E-002
    51   0.1081550835763E-01    5     0 1  1 1  2 0
  1.081550835763193E-002
    52   0.6243896232000E-07    5     1 0  0 4  0 0
  6.243896232000016E-008
    53   0.5455823526000E-08    5     0 1  0 4  0 0
  5.455823526000018E-009
    54   0.5407754178816E-02    5     1 0  0 2  2 0
  5.407754178815965E-003
    55   0.2434977327979E-02    5     0 1  0 2  2 0
  2.434977327978941E-003
    56  -0.6018666464809E-04    6     5 0  0 0  1 0
 -6.018666464809147E-005
    57  -0.8108526984575E-04    6     4 1  0 0  1 0
 -8.108526984574818E-005
    58  -0.3404512929826E-04    6     3 2  0 0  1 0
 -3.404512929826378E-005
    59  -0.6809134459667E-05    6     2 3  0 0  1 0
 -6.809134459666939E-006
    60  -0.7296423401981E-06    6     1 4  0 0  1 0
 -7.296423401980697E-007
    61  -0.3282503759204E-07    6     0 5  0 0  1 0
 -3.282503759203538E-008
    62  -0.1203733292962E-03    6     3 0  2 0  1 0
 -1.203733292961830E-004
    63  -0.5394359815398E-04    6     2 1  2 0  1 0
 -5.394359815398466E-005
    64   0.4916307521873E-05    6     1 2  2 0  1 0
  4.916307521872878E-006
    65   0.3241708609904E-06    6     0 3  2 0  1 0
  3.241708609903993E-007
    66  -0.6018666464809E-04    6     1 0  4 0  1 0
 -6.018666464809151E-005
    67   0.2714167169176E-04    6     0 1  4 0  1 0
  2.714167169176351E-005
    68  -0.1082269415375E-03    6     3 0  1 1  1 0
 -1.082269415375117E-004
    69  -0.6816526409965E-04    6     2 1  1 1  1 0
 -6.816526409965363E-005
    70  -0.8428999516490E-05    6     1 2  1 1  1 0
 -8.428999516489777E-006
    71  -0.4166608611976E-06    6     0 3  1 1  1 0
 -4.166608611976224E-007
    72  -0.1082269415375E-03    6     1 0  3 1  1 0
 -1.082269415375117E-004
    73   0.9757609540620E-05    6     0 1  3 1  1 0
  9.757609540619709E-006
    74  -0.4841302018747E-05    6     3 0  0 2  1 0
 -4.841302018746824E-006
    75  -0.5513440263834E-05    6     2 1  0 2  1 0
 -5.513440263834498E-006
    76  -0.1042623819199E-05    6     1 2  0 2  1 0
 -1.042623819198517E-006
    77  -0.6565007518407E-07    6     0 3  0 2  1 0
 -6.565007518407077E-008
    78  -0.4380273883888E-04    6     1 0  2 2  1 0
 -4.380273883888349E-005
    79  -0.9715233348420E-06    6     0 1  2 2  1 0
 -9.715233348420398E-007
    80   0.9000007050239E-02    6     2 1  0 0  3 0
  9.000007050239456E-003
    81   0.7212202633319E-02    6     1 2  0 0  3 0
  7.212202633319214E-003
    82   0.1353489328350E-02    6     0 3  0 0  3 0
  1.353489328349568E-003
    83  -0.9000007050239E-02    6     0 1  2 0  3 0
 -9.000007050239456E-003
    84  -0.5837611124825E-05    6     1 0  1 3  1 0
 -5.837611124824898E-006
    85  -0.4166608611976E-06    6     0 1  1 3  1 0
 -4.166608611976224E-007
    86  -0.1800001410048E-01    6     1 0  1 1  3 0
 -1.800001410047891E-002
    87  -0.1442440526664E-01    6     0 1  1 1  3 0
 -1.442440526663843E-002
    88  -0.3129814790004E-06    6     1 0  0 4  1 0
 -3.129814790004472E-007
    89  -0.3282503759204E-07    6     0 1  0 4  1 0
 -3.282503759203539E-008
    90  -0.7212202633319E-02    6     1 0  0 2  3 0
 -7.212202633319214E-003
    91  -0.4060467985049E-02    6     0 1  0 2  3 0
 -4.060467985048704E-003
                                      

 etall    1, NO =    6, NV =    6, INA =   22
 *********************************************

    I  COEFFICIENT          ORDER   EXPONENTS
     1    1.000000000000        1     0 0  1 0  0 0
   1.00000000000000     
     2   0.3000000000000        1     0 0  0 1  0 0
  0.300000000000000     
     3  -0.3000000391680        2     0 0  0 1  1 0
 -0.300000039167991     
     4   0.9000000000000E-02    3     2 0  1 0  0 0
  8.999999999999999E-003
     5   0.1800000000000E-02    3     1 1  1 0  0 0
  1.800000000000000E-003
     6   0.1350000000000E-03    3     0 2  1 0  0 0
  1.350000000000001E-004
     7  -0.3000000000000E-02    3     0 0  3 0  0 0
 -3.000000000000001E-003
     8   0.9000000000000E-03    3     2 0  0 1  0 0
  9.000000000000002E-004
     9   0.2700000000000E-03    3     1 1  0 1  0 0
  2.700000000000003E-004
    10   0.2430000000000E-04    3     0 2  0 1  0 0
  2.430000000000004E-005
    11  -0.9000000000000E-03    3     0 0  2 1  0 0
 -9.000000000000002E-004
    12  -0.1350000000000E-03    3     0 0  1 2  0 0
 -1.350000000000001E-004
    13  -0.8100000000000E-05    3     0 0  0 3  0 0
 -8.100000000000012E-006
    14   0.3000001175040        3     0 0  0 1  2 0
  0.300000117503980     
    15  -0.9000001175040E-02    4     2 0  1 0  1 0
 -9.000001175039719E-003
    16  -0.3593387135819E-02    4     1 1  1 0  1 0
 -3.593387135819117E-003
    17  -0.4045040528120E-03    4     0 2  1 0  1 0
 -4.045040528120296E-004
    18   0.3000000391680E-02    4     0 0  3 0  1 0
  3.000000391679906E-003
    19  -0.1796693567910E-02    4     2 0  0 1  1 0
 -1.796693567909558E-003
    20  -0.8090081056241E-03    4     1 1  0 1  1 0
 -8.090081056240593E-004
    21  -0.9705232867115E-04    4     0 2  0 1  1 0
 -9.705232867114741E-005
    22   0.1796693567910E-02    4     0 0  2 1  1 0
  1.796693567909558E-003
    23   0.4045040528120E-03    4     0 0  1 2  1 0
  4.045040528120296E-004
    24   0.3235077622372E-04    4     0 0  0 3  1 0
  3.235077622371580E-005
    25  -0.3000002350080        4     0 0  0 1  3 0
 -0.300000235007982     
    26   0.4495666666667E-05    5     4 0  1 0  0 0
  4.495666666666665E-006
    27   0.3238264800000E-05    5     3 1  1 0  0 0
  3.238264800000001E-006
    28   0.7286094000000E-06    5     2 2  1 0  0 0
  7.286094000000007E-007
    29   0.6243879348000E-07    5     1 3  1 0  0 0
  6.243879348000010E-008
    30   0.2340865170000E-08    5     0 4  1 0  0 0
  2.340865170000005E-009
    31   0.8991333333333E-05    5     2 0  3 0  0 0
  8.991333333333331E-006
    32   0.3238264800000E-05    5     1 1  3 0  0 0
  3.238264800000001E-006
    33   0.8086968000000E-07    5     0 2  3 0  0 0
  8.086968000000001E-008
    34   0.4495666666667E-05    5     0 0  5 0  0 0
  4.495666666666667E-006
    35  -0.8104332000000E-06    5     4 0  0 1  0 0
 -8.104332000000009E-007
    36  -0.1622599200000E-06    5     3 1  0 1  0 0
 -1.622599200000003E-007
    37   0.1034404884000E-07    5     2 2  0 1  0 0
  1.034404884000001E-008
    38   0.3114911052000E-08    5     1 3  0 1  0 0
  3.114911052000007E-009
    39   0.1817471297979E-09    5     0 4  0 1  0 0
  1.817471297979005E-010
    40   0.1617398400000E-05    5     2 0  2 1  0 0
  1.617398400000001E-006
    41   0.1133219520000E-05    5     1 1  2 1  0 0
  1.133219520000001E-006
    42   0.5894394084000E-07    5     0 2  2 1  0 0
  5.894394084000008E-008
    43   0.2427831600000E-05    5     0 0  4 1  0 0
  2.427831600000001E-006
    44  -0.8139024000000E-07    5     2 0  1 2  0 0
 -8.139024000000019E-008
    45   0.9011659644000E-07    5     1 1  1 2  0 0
  9.011659644000013E-008
    46   0.7796641392000E-08    5     0 2  1 2  0 0
  7.796641392000017E-009
    47   0.5663494800000E-06    5     0 0  3 2  0 0
  5.663494800000006E-007
    48   0.9000003525119E-02    5     2 0  1 0  2 0
  9.000003525119383E-003
    49   0.5384497282559E-02    5     1 1  1 0  2 0
  5.384497282559084E-003
    50   0.8083414194416E-03    5     0 2  1 0  2 0
  8.083414194415944E-004
    51  -0.3000001175040E-02    5     0 0  3 0  2 0
 -3.000001175039794E-003
    52  -0.3494852640000E-08    5     2 0  0 3  0 0
 -3.494852640000008E-009
    53   0.3114911052000E-08    5     1 1  0 3  0 0
  3.114911052000007E-009
    54   0.3634942595958E-09    5     0 2  0 3  0 0
  3.634942595958010E-010
    55   0.7278284232000E-07    5     0 0  2 3  0 0
  7.278284232000011E-008
    56   0.2692248641280E-02    5     2 0  0 1  2 0
  2.692248641279542E-003
    57   0.1616682838883E-02    5     1 1  0 1  2 0
  1.616682838883189E-003
    58   0.2423582147557E-03    5     0 2  0 1  2 0
  2.423582147556944E-004
    59  -0.2692248641280E-02    5     0 0  2 1  2 0
 -2.692248641279542E-003
    60   0.5455776222000E-08    5     0 0  1 4  0 0
  5.455776222000012E-009
    61  -0.8083414194416E-03    5     0 0  1 2  2 0
 -8.083414194415944E-004
    62   0.1817471297979E-09    5     0 0  0 5  0 0
  1.817471297979004E-010
    63  -0.8078607158523E-04    5     0 0  0 3  2 0
 -8.078607158523147E-005
    64   0.3000003916800        5     0 0  0 1  4 0
  0.300000391680021     
    65  -0.8990599692331E-05    6     4 0  1 0  1 0
 -8.990599692330779E-006
    66  -0.9701447755509E-05    6     3 1  1 0  1 0
 -9.701447755509440E-006
    67  -0.2907020547540E-05    6     2 2  1 0  1 0
 -2.907020547540464E-006
    68  -0.3111301746227E-06    6     1 3  1 0  1 0
 -3.111301746227408E-007
    69  -0.1400560945945E-07    6     0 4  1 0  1 0
 -1.400560945945171E-008
    70  -0.1798119938466E-04    6     2 0  3 0  1 0
 -1.798119938466156E-005
    71  -0.9701447755509E-05    6     1 1  3 0  1 0
 -9.701447755509440E-006
    72  -0.3209948765757E-06    6     0 2  3 0  1 0
 -3.209948765757423E-007
    73  -0.8990599692331E-05    6     0 0  5 0  1 0
 -8.990599692330779E-006
    74   0.2434691455651E-05    6     4 0  0 1  1 0
  2.434691455650978E-006
    75   0.6481210072853E-06    6     3 1  0 1  1 0
  6.481210072853150E-007
    76  -0.5171176607789E-07    6     2 2  0 1  1 0
 -5.171176607788569E-008
    77  -0.1863631640308E-07    6     1 3  0 1  1 0
 -1.863631640307659E-008
    78  -0.1268316145649E-08    6     0 4  0 1  1 0
 -1.268316145649457E-009
    79  -0.4832064844207E-05    6     2 0  2 1  1 0
 -4.832064844207486E-006
    80  -0.4523930334644E-05    6     1 1  2 1  1 0
 -4.523930334644128E-006
    81  -0.2938282784886E-06    6     0 2  2 1  1 0
 -2.938282784886061E-007
    82  -0.7266756299858E-05    6     0 0  4 1  1 0
 -7.266756299858462E-006
    83   0.3271261307096E-06    6     2 0  1 2  1 0
  3.271261307095721E-007
    84  -0.4491574990468E-06    6     1 1  1 2  1 0
 -4.491574990467819E-007
    85  -0.4664753532198E-07    6     0 2  1 2  1 0
 -4.664753532198001E-008
    86  -0.2258899540255E-05    6     0 0  3 2  1 0
 -2.258899540255149E-006
    87  -0.9000007050239E-02    6     2 0  1 0  3 0
 -9.000007050239461E-003
    88  -0.7175608833840E-02    6     1 1  1 0  3 0
 -7.175608833840394E-003
    89  -0.1346512257954E-02    6     0 2  1 0  3 0
 -1.346512257954293E-003
    90   0.3000002350080E-02    6     0 0  3 0  3 0
  3.000002350079819E-003
    91   0.1730189613413E-07    6     2 0  0 3  1 0
  1.730189613413476E-008
    92  -0.1863631640308E-07    6     1 1  0 3  1 0
 -1.863631640307659E-008
    93  -0.2536632291299E-08    6     0 2  0 3  1 0
 -2.536632291298915E-009
    94  -0.3628419407006E-06    6     0 0  2 3  1 0
 -3.628419407006266E-007
    95  -0.3587804416920E-02    6     2 0  0 1  3 0
 -3.587804416920197E-003
    96  -0.2693024515909E-02    6     1 1  0 1  3 0
 -2.693024515908586E-003
    97  -0.4843187483143E-03    6     0 2  0 1  3 0
 -4.843187483142877E-004
    98   0.3587804416920E-02    6     0 0  2 1  3 0
  3.587804416920197E-003
    99  -0.3264192586253E-07    6     0 0  1 4  1 0
 -3.264192586252831E-008
   100   0.1346512257954E-02    6     0 0  1 2  3 0
  1.346512257954293E-003
   101  -0.1268316145649E-08    6     0 0  0 5  1 0
 -1.268316145649457E-009
   102   0.1614395827714E-03    6     0 0  0 3  3 0
  1.614395827714293E-004
   103  -0.3000005875201        6     0 0  0 1  5 0
 -0.300000587520127     
                                      

 etall    1, NO =    6, NV =    6, INA =   23
 *********************************************

    I  COEFFICIENT          ORDER   EXPONENTS
     1    1.000000000000        1     0 0  0 1  0 0
   1.00000000000000     
     2   0.6000000000000E-01    3     2 0  1 0  0 0
  6.000000000000000E-002
     3   0.1800000000000E-01    3     1 1  1 0  0 0
  1.800000000000001E-002
     4   0.1800000000000E-02    3     0 2  1 0  0 0
  1.800000000000002E-003
     5  -0.2000000000000E-01    3     0 0  3 0  0 0
 -1.999999999999999E-002
     6   0.9000000000000E-02    3     2 0  0 1  0 0
  9.000000000000006E-003
     7   0.3600000000000E-02    3     1 1  0 1  0 0
  3.600000000000005E-003
     8   0.4050000000000E-03    3     0 2  0 1  0 0
  4.050000000000008E-004
     9  -0.9000000000000E-02    3     0 0  2 1  0 0
 -9.000000000000006E-003
    10  -0.1800000000000E-02    3     0 0  1 2  0 0
 -1.800000000000002E-003
    11  -0.1350000000000E-03    3     0 0  0 3  0 0
 -1.350000000000003E-004
    12  -0.1800000235008E-01    4     1 1  1 0  1 0
 -1.800000235007943E-002
    13  -0.3603307137114E-02    4     0 2  1 0  1 0
 -3.603307137114274E-003
    14  -0.9000001175040E-02    4     2 0  0 1  1 0
 -9.000001175039714E-003
    15  -0.7206614274229E-02    4     1 1  0 1  1 0
 -7.206614274228547E-003
    16  -0.1216488158825E-02    4     0 2  0 1  1 0
 -1.216488158824636E-003
    17   0.9000001175040E-02    4     0 0  2 1  1 0
  9.000001175039714E-003
    18   0.3603307137114E-02    4     0 0  1 2  1 0
  3.603307137114274E-003
    19   0.4054960529415E-03    4     0 0  0 3  1 0
  4.054960529415453E-004
    20   0.5997111111111E-04    5     4 0  1 0  0 0
  5.997111111111107E-005
    21   0.5398266666667E-04    5     3 1  1 0  0 0
  5.398266666666669E-005
    22   0.1457480160000E-04    5     2 2  1 0  0 0
  1.457480160000002E-005
    23   0.1457220480000E-05    5     1 3  1 0  0 0
  1.457220480000002E-006
    24   0.6243896232000E-07    5     0 4  1 0  0 0
  6.243896232000016E-008
    25   0.1199422222222E-03    5     2 0  3 0  0 0
  1.199422222222222E-004
    26   0.5398266666667E-04    5     1 1  3 0  0 0
  5.398266666666668E-005
    27   0.1618266400000E-05    5     0 2  3 0  0 0
  1.618266399999999E-006
    28   0.5997111111111E-04    5     0 0  5 0  0 0
  5.997111111111112E-005
    29  -0.1350433333333E-04    5     4 0  0 1  0 0
 -1.350433333333335E-005
    30  -0.3243464800000E-05    5     3 1  0 1  0 0
 -3.243464800000007E-006
    31   0.2418310800000E-06    5     2 2  0 1  0 0
  2.418310800000004E-007
    32   0.8312735052000E-07    5     1 3  0 1  0 0
  8.312735052000020E-008
    33   0.5455823526000E-08    5     0 4  0 1  0 0
  5.455823526000018E-009
    34   0.2697400000000E-04    5     2 0  2 1  0 0
  2.697400000000000E-005
    35   0.2266960560000E-04    5     1 1  2 1  0 0
  2.266960560000003E-005
    36   0.1375830720000E-05    5     0 2  2 1  0 0
  1.375830720000002E-006
    37   0.4047833333333E-04    5     0 0  4 1  0 0
  4.047833333333336E-005
    38  -0.1625198400000E-05    5     2 0  1 2  0 0
 -1.625198400000005E-006
    39   0.2103662160000E-05    5     1 1  1 2  0 0
  2.103662160000003E-006
    40   0.2080052751600E-06    5     0 2  1 2  0 0
  2.080052751600005E-007
    41   0.1133133680000E-04    5     0 0  3 2  0 0
  1.133133680000001E-005
    42   0.1800000705024E-01    5     1 1  1 0  2 0
  1.800000705023876E-002
    43   0.5407754178816E-02    5     0 2  1 0  2 0
  5.407754178815965E-003
    44  -0.8138976000000E-07    5     2 0  0 3  0 0
 -8.138976000000009E-008
    45   0.8312735052000E-07    5     1 1  0 3  0 0
  8.312735052000021E-008
    46   0.1091164705200E-07    5     0 2  0 3  0 0
  1.091164705200003E-008
    47   0.1699051560000E-05    5     0 0  2 3  0 0
  1.699051560000003E-006
    48   0.9000003525119E-02    5     2 0  0 1  2 0
  9.000003525119381E-003
    49   0.1081550835763E-01    5     1 1  0 1  2 0
  1.081550835763193E-002
    50   0.2434977327979E-02    5     0 2  0 1  2 0
  2.434977327978941E-003
    51  -0.9000003525119E-02    5     0 0  2 1  2 0
 -9.000003525119381E-003
    52   0.1455663128400E-06    5     0 0  1 4  0 0
  1.455663128400003E-007
    53  -0.5407754178816E-02    5     0 0  1 2  2 0
 -5.407754178815966E-003
    54   0.5455823526000E-08    5     0 0  0 5  0 0
  5.455823526000016E-009
    55  -0.8116591093263E-03    5     0 0  0 3  2 0
 -8.116591093263137E-004
    56  -0.6018666464809E-04    6     4 0  1 0  1 0
 -6.018666464809151E-005
    57  -0.1082269415375E-03    6     3 1  1 0  1 0
 -1.082269415375117E-004
    58  -0.4380273883888E-04    6     2 2  1 0  1 0
 -4.380273883888349E-005
    59  -0.5837611124825E-05    6     1 3  1 0  1 0
 -5.837611124824898E-006
    60  -0.3129814790004E-06    6     0 4  1 0  1 0
 -3.129814790004472E-007
    61  -0.1203733292962E-03    6     2 0  3 0  1 0
 -1.203733292961830E-004
    62  -0.1082269415375E-03    6     1 1  3 0  1 0
 -1.082269415375117E-004
    63  -0.4841302018747E-05    6     0 2  3 0  1 0
 -4.841302018746824E-006
    64  -0.6018666464809E-04    6     0 0  5 0  1 0
 -6.018666464809147E-005
    65   0.2714167169176E-04    6     4 0  0 1  1 0
  2.714167169176351E-005
    66   0.9757609540620E-05    6     3 1  0 1  1 0
  9.757609540619709E-006
    67  -0.9715233348420E-06    6     2 2  0 1  1 0
 -9.715233348420398E-007
    68  -0.4166608611976E-06    6     1 3  0 1  1 0
 -4.166608611976224E-007
    69  -0.3282503759204E-07    6     0 4  0 1  1 0
 -3.282503759203539E-008
    70  -0.5394359815398E-04    6     2 0  2 1  1 0
 -5.394359815398466E-005
    71  -0.6816526409965E-04    6     1 1  2 1  1 0
 -6.816526409965363E-005
    72  -0.5513440263834E-05    6     0 2  2 1  1 0
 -5.513440263834498E-006
    73  -0.8108526984575E-04    6     0 0  4 1  1 0
 -8.108526984574818E-005
    74   0.4916307521873E-05    6     2 0  1 2  1 0
  4.916307521872877E-006
    75  -0.8428999516490E-05    6     1 1  1 2  1 0
 -8.428999516489777E-006
    76  -0.1042623819199E-05    6     0 2  1 2  1 0
 -1.042623819198517E-006
    77  -0.3404512929826E-04    6     0 0  3 2  1 0
 -3.404512929826378E-005
    78  -0.1800001410048E-01    6     1 1  1 0  3 0
 -1.800001410047891E-002
    79  -0.7212202633319E-02    6     0 2  1 0  3 0
 -7.212202633319214E-003
    80   0.3241708609904E-06    6     2 0  0 3  1 0
  3.241708609903992E-007
    81  -0.4166608611976E-06    6     1 1  0 3  1 0
 -4.166608611976225E-007
    82  -0.6565007518407E-07    6     0 2  0 3  1 0
 -6.565007518407077E-008
    83  -0.6809134459667E-05    6     0 0  2 3  1 0
 -6.809134459666939E-006
    84  -0.9000007050239E-02    6     2 0  0 1  3 0
 -9.000007050239456E-003
    85  -0.1442440526664E-01    6     1 1  0 1  3 0
 -1.442440526663843E-002
    86  -0.4060467985049E-02    6     0 2  0 1  3 0
 -4.060467985048704E-003
    87   0.9000007050239E-02    6     0 0  2 1  3 0
  9.000007050239456E-003
    88  -0.7296423401981E-06    6     0 0  1 4  1 0
 -7.296423401980697E-007
    89   0.7212202633319E-02    6     0 0  1 2  3 0
  7.212202633319214E-003
    90  -0.3282503759204E-07    6     0 0  0 5  1 0
 -3.282503759203538E-008
    91   0.1353489328350E-02    6     0 0  0 3  3 0
  1.353489328349568E-003
                                      

 etall    1, NO =    6, NV =    6, INA =   24
 *********************************************

    I  COEFFICIENT          ORDER   EXPONENTS
     1    1.000000000000        1     0 0  0 0  1 0
   1.00000000000000     
                                      

 etall    1, NO =    6, NV =    6, INA =   25
 *********************************************

    I  COEFFICIENT          ORDER   EXPONENTS
     1  -0.7833598629770E-07    1     0 0  0 0  1 0
 -7.833598629769513E-008
     2    1.000000000000        1     0 0  0 0  0 1
   1.00000000000000     
     3   0.1500000195840        2     0 2  0 0  0 0
  0.150000019583995     
     4   0.1500000195840        2     0 0  0 2  0 0
  0.150000019583995     
     5   0.1175039948009E-06    2     0 0  0 0  2 0
  1.175039948009271E-007
     6  -0.3000001175040        3     0 2  0 0  1 0
 -0.300000117503980     
     7  -0.3000001175040        3     0 0  0 2  1 0
 -0.300000117503980     
     8  -0.1566720237545E-06    3     0 0  0 0  3 0
 -1.566720237544673E-007
     9  -0.3000000391680E-02    4     3 1  0 0  0 0
 -3.000000391679906E-003
    10  -0.8983467839548E-03    4     2 2  0 0  0 0
 -8.983467839547795E-004
    11  -0.1345040175608E-03    4     1 3  0 0  0 0
 -1.345040175608382E-004
    12  -0.8050494051072E-05    4     0 4  0 0  0 0
 -8.050494051072127E-006
    13   0.9000001175040E-02    4     1 1  2 0  0 0
  9.000001175039719E-003
    14   0.8983467839548E-03    4     0 2  2 0  0 0
  8.983467839547795E-004
    15   0.9000001175040E-02    4     2 0  1 1  0 0
  9.000001175039719E-003
    16   0.3593387135819E-02    4     1 1  1 1  0 0
  3.593387135819118E-003
    17   0.4035120526825E-03    4     0 2  1 1  0 0
  4.035120526825144E-004
    18  -0.3000000391680E-02    4     0 0  3 1  0 0
 -3.000000391679906E-003
    19   0.8983467839548E-03    4     2 0  0 2  0 0
  8.983467839547795E-004
    20   0.4035120526825E-03    4     1 1  0 2  0 0
  4.035120526825144E-004
    21   0.4830296430643E-04    4     0 2  0 2  0 0
  4.830296430643276E-005
    22  -0.8983467839548E-03    4     0 0  2 2  0 0
 -8.983467839547795E-004
    23   0.4500003525120        4     0 2  0 0  2 0
  0.450000352511973     
    24  -0.1345040175608E-03    4     0 0  1 3  0 0
 -1.345040175608382E-004
    25  -0.8050494051072E-05    4     0 0  0 4  0 0
 -8.050494051072127E-006
    26   0.4500003525120        4     0 0  0 2  2 0
  0.450000352511973     
    27   0.1958400807522E-06    4     0 0  0 0  4 0
  1.958400807522409E-007
    28   0.6000002350080E-02    5     3 1  0 0  1 0
  6.000002350079589E-003
    29   0.2692248641280E-02    5     2 2  0 0  1 0
  2.692248641279542E-003
    30   0.5376744866303E-03    5     1 3  0 0  1 0
  5.376744866302812E-004
    31   0.4021860907069E-04    5     0 4  0 0  1 0
  4.021860907068915E-005
    32  -0.1800000705024E-01    5     1 1  2 0  1 0
 -1.800000705023877E-002
    33  -0.2692248641280E-02    5     0 2  2 0  1 0
 -2.692248641279542E-003
    34  -0.1800000705024E-01    5     2 0  1 1  1 0
 -1.800000705023877E-002
    35  -0.1076899456512E-01    5     1 1  1 1  1 0
 -1.076899456511817E-002
    36  -0.1613023459891E-02    5     0 2  1 1  1 0
 -1.613023459890844E-003
    37   0.6000002350080E-02    5     0 0  3 1  1 0
  6.000002350079589E-003
    38  -0.2692248641280E-02    5     2 0  0 2  1 0
 -2.692248641279542E-003
    39  -0.1613023459891E-02    5     1 1  0 2  1 0
 -1.613023459890844E-003
    40  -0.2413116544241E-03    5     0 2  0 2  1 0
 -2.413116544241349E-004
    41   0.2692248641280E-02    5     0 0  2 2  1 0
  2.692248641279542E-003
    42  -0.6000007833600        5     0 2  0 0  3 0
 -0.600000783360042     
    43   0.5376744866303E-03    5     0 0  1 3  1 0
  5.376744866302812E-004
    44   0.4021860907069E-04    5     0 0  0 4  1 0
  4.021860907068915E-005
    45  -0.6000007833600        5     0 0  0 2  3 0
 -0.600000783360042     
    46  -0.2350081737212E-06    5     0 0  0 0  5 0
 -2.350081737212407E-007
    47   0.1996889314212E-04    6     6 0  0 0  0 0
  1.996889314211714E-005
    48   0.1793460382302E-04    6     5 1  0 0  0 0
  1.793460382302249E-005
    49   0.6977459697643E-05    6     4 2  0 0  0 0
  6.977459697643473E-006
    50   0.1498273485392E-05    6     3 3  0 0  0 0
  1.498273485392294E-006
    51   0.1919353185911E-06    6     2 4  0 0  0 0
  1.919353185910663E-007
    52   0.1433429201708E-07    6     1 5  0 0  0 0
  1.433429201708451E-008
    53   0.4755085849387E-09    6     0 6  0 0  0 0
  4.755085849387394E-010
    54   0.5990667942635E-04    6     4 0  2 0  0 0
  5.990667942635147E-005
    55   0.3586920764604E-04    6     3 1  2 0  0 0
  3.586920764604500E-005
    56   0.6440834280915E-05    6     2 2  2 0  0 0
  6.440834280915018E-006
    57   0.3211010205896E-06    6     1 3  2 0  0 0
  3.211010205896010E-007
    58   0.1371220672147E-07    6     0 4  2 0  0 0
  1.371220672146509E-008
    59   0.5990667942635E-04    6     2 0  4 0  0 0
  5.990667942635147E-005
    60   0.1793460382302E-04    6     1 1  4 0  0 0
  1.793460382302250E-005
    61  -0.5366254167285E-06    6     0 2  4 0  0 0
 -5.366254167284555E-007
    62   0.1996889314212E-04    6     0 0  6 0  0 0
  1.996889314211714E-005
    63   0.1793460382302E-04    6     4 0  1 1  0 0
  1.793460382302250E-005
    64   0.1502817022874E-04    6     3 1  1 1  0 0
  1.502817022874386E-005
    65   0.3852618414998E-05    6     2 2  1 1  0 0
  3.852618414997679E-006
    66   0.3564462237392E-06    6     1 3  1 1  0 0
  3.564462237392024E-007
    67   0.1433429201708E-07    6     0 4  1 1  0 0
  1.433429201708452E-008
    68   0.3586920764604E-04    6     2 0  3 1  0 0
  3.586920764604500E-005
    69   0.1502817022874E-04    6     1 1  3 1  0 0
  1.502817022874386E-005
    70   0.3211010205896E-06    6     0 2  3 1  0 0
  3.211010205896009E-007
    71   0.1793460382302E-04    6     0 0  5 1  0 0
  1.793460382302249E-005
    72  -0.5366254167285E-06    6     4 0  0 2  0 0
 -5.366254167284555E-007
    73   0.3211010205896E-06    6     3 1  0 2  0 0
  3.211010205896008E-007
    74   0.2056475253125E-06    6     2 2  0 2  0 0
  2.056475253125313E-007
    75   0.2866858403417E-07    6     1 3  0 2  0 0
  2.866858403416902E-008
    76   0.1426525754816E-08    6     0 4  0 2  0 0
  1.426525754816218E-009
    77   0.6440834280915E-05    6     2 0  2 2  0 0
  6.440834280915018E-006
    78   0.3852618414998E-05    6     1 1  2 2  0 0
  3.852618414997679E-006
    79   0.2056475253125E-06    6     0 2  2 2  0 0
  2.056475253125313E-007
    80   0.6977459697643E-05    6     0 0  4 2  0 0
  6.977459697643473E-006
    81  -0.9000007050239E-02    6     3 1  0 0  2 0
 -9.000007050239458E-003
    82  -0.5381706625380E-02    6     2 2  0 0  2 0
 -5.381706625380296E-003
    83  -0.1343844878524E-02    6     1 3  0 0  2 0
 -1.343844878524473E-003
    84  -0.1206051801432E-03    6     0 4  0 0  2 0
 -1.206051801431606E-004
    85   0.2700002115072E-01    6     1 1  2 0  2 0
  2.700002115071837E-002
    86   0.5381706625380E-02    6     0 2  2 0  2 0
  5.381706625380296E-003
    87   0.3211010205896E-06    6     2 0  1 3  0 0
  3.211010205896010E-007
    88   0.3564462237392E-06    6     1 1  1 3  0 0
  3.564462237392024E-007
    89   0.2866858403417E-07    6     0 2  1 3  0 0
  2.866858403416902E-008
    90   0.1498273485392E-05    6     0 0  3 3  0 0
  1.498273485392294E-006
    91   0.2700002115072E-01    6     2 0  1 1  2 0
  2.700002115071837E-002
    92   0.2152682650152E-01    6     1 1  1 1  2 0
  2.152682650152118E-002
    93   0.4031534635573E-02    6     0 2  1 1  2 0
  4.031534635573420E-003
    94  -0.9000007050239E-02    6     0 0  3 1  2 0
 -9.000007050239458E-003
    95   0.1371220672147E-07    6     2 0  0 4  0 0
  1.371220672146509E-008
    96   0.1433429201708E-07    6     1 1  0 4  0 0
  1.433429201708452E-008
    97   0.1426525754816E-08    6     0 2  0 4  0 0
  1.426525754816218E-009
    98   0.1919353185911E-06    6     0 0  2 4  0 0
  1.919353185910663E-007
    99   0.5381706625380E-02    6     2 0  0 2  2 0
  5.381706625380296E-003
   100   0.4031534635573E-02    6     1 1  0 2  2 0
  4.031534635573420E-003
   101   0.7236310808590E-03    6     0 2  0 2  2 0
  7.236310808589635E-004
   102  -0.5381706625380E-02    6     0 0  2 2  2 0
 -5.381706625380296E-003
   103   0.7500014688003        6     0 2  0 0  4 0
  0.750001468800318     
   104   0.1433429201708E-07    6     0 0  1 5  0 0
  1.433429201708451E-008
   105  -0.1343844878524E-02    6     0 0  1 3  2 0
 -1.343844878524473E-003
   106   0.4755085849387E-09    6     0 0  0 6  0 0
  4.755085849387394E-010
   107  -0.1206051801432E-03    6     0 0  0 4  2 0
 -1.206051801431606E-004
   108   0.7500014688003        6     0 0  0 2  4 0
  0.750001468800318     
   109   0.2741763099889E-06    6     0 0  0 0  6 0
  2.741763099889382E-007
                                      
