
 etall    1, NO =    6, NV =    6, INA =   17
 *********************************************

    I  COEFFICIENT          ORDER   EXPONENTS
     1    1.000000000000        1     1 0  0 0  0 0
   1.00000000000000     
     2   0.3000000000000        1     0 1  0 0  0 0
  0.300000000000000     
     3  -0.1125000000000E-01    2     2 0  0 0  0 0
 -1.125000000000000E-002
     4  -0.2250000000000E-02    2     1 1  0 0  0 0
 -2.250000000000001E-003
     5  -0.1687500000000E-03    2     0 2  0 0  0 0
 -1.687500000000002E-004
     6   0.1125000000000E-01    2     0 0  2 0  0 0
  1.125000000000000E-002
     7   0.2250000000000E-02    2     0 0  1 1  0 0
  2.250000000000001E-003
     8  -0.3000000391680        2     0 1  0 0  1 0
 -0.300000039167991     
     9   0.1687500000000E-03    2     0 0  0 2  0 0
  1.687500000000002E-004
    10   0.4214687500000E-04    3     3 0  0 0  0 0
  4.214687499999999E-005
    11   0.1264405312500E-04    3     2 1  0 0  0 0
  1.264405312500001E-005
    12   0.1263795468750E-05    3     1 2  0 0  0 0
  1.263795468750001E-006
    13   0.5413124193750E-07    3     0 3  0 0  0 0
  5.413124193750007E-008
    14   0.4214687500000E-04    3     1 0  2 0  0 0
  4.214687499999999E-005
    15  -0.2535313125000E-05    3     0 1  2 0  0 0
 -2.535313125000003E-006
    16   0.1517936625000E-04    3     1 0  1 1  0 0
  1.517936625000001E-005
    17   0.5050310625000E-06    3     0 1  1 1  0 0
  5.050310625000003E-007
    18   0.1125000146880E-01    3     2 0  0 0  1 0
  1.125000146879965E-002
    19   0.4491733919774E-02    3     1 1  0 0  1 0
  4.491733919773896E-003
    20   0.5056300660150E-03    3     0 2  0 0  1 0
  5.056300660150370E-004
    21  -0.1125000146880E-01    3     0 0  2 0  1 0
 -1.125000146879965E-002
    22   0.7587644062500E-06    3     1 0  0 2  0 0
  7.587644062500005E-007
    23   0.5413124193750E-07    3     0 1  0 2  0 0
  5.413124193750007E-008
    24  -0.4491733919774E-02    3     0 0  1 1  1 0
 -4.491733919773896E-003
    25   0.3000001175040        3     0 1  0 0  2 0
  0.300000117503980     
    26  -0.5056300660150E-03    3     0 0  0 2  1 0
 -5.056300660150370E-004
    27  -0.1578226093750E-06    4     4 0  0 0  0 0
 -1.578226093749999E-007
    28  -0.5407653554063E-07    4     3 1  0 0  0 0
 -5.407653554062501E-008
    29  -0.7598848593516E-08    4     2 2  0 0  0 0
 -7.598848593515631E-009
    30  -0.5060415668217E-09    4     1 3  0 0  0 0
 -5.060415668217194E-010
    31  -0.1516272361100E-10    4     0 4  0 0  0 0
 -1.516272361099807E-011
    32   0.5690740687500E-06    4     2 0  2 0  0 0
  5.690740687500000E-007
    33   0.8665757288438E-07    4     1 1  2 0  0 0
  8.665757288437502E-008
    34   0.4769462391328E-08    4     0 2  2 0  0 0
  4.769462391328128E-009
    35  -0.3186874687500E-07    4     0 0  4 0  0 0
 -3.186874687500001E-008
    36   0.7584600687187E-07    4     2 0  1 1  0 0
  7.584600687187499E-008
    37   0.1421080948406E-07    4     1 1  1 1  0 0
  1.421080948406251E-008
    38   0.7911933964265E-09    4     0 2  1 1  0 0
  7.911933964264696E-010
    39  -0.9132437812500E-10    4     0 0  3 1  0 0
 -9.132437812499599E-011
    40  -0.8428687211560E-04    4     3 0  0 0  1 0
 -8.428687211560106E-005
    41  -0.3783797081512E-04    4     2 1  0 0  1 0
 -3.783797081512363E-005
    42  -0.5038728507856E-05    4     1 2  0 0  1 0
 -5.038728507856151E-006
    43  -0.2699531598176E-06    4     0 3  0 0  1 0
 -2.699531598175717E-007
    44  -0.8428687211560E-04    4     1 0  2 0  1 0
 -8.428687211560106E-005
    45   0.7637565538827E-05    4     0 1  2 0  1 0
  7.637565538826859E-006
    46   0.2335942350703E-08    4     2 0  0 2  0 0
  2.335942350703125E-009
    47   0.6290999820374E-09    4     1 1  0 2  0 0
  6.290999820374069E-010
    48   0.4258217127654E-10    4     0 2  0 2  0 0
  4.258217127654149E-011
    49   0.4934438514844E-09    4     0 0  2 2  0 0
  4.934438514843761E-010
    50  -0.4547553635395E-04    4     1 0  1 1  1 0
 -4.547553635395051E-005
    51  -0.2015286963116E-05    4     0 1  1 1  1 0
 -2.015286963115769E-006
    52  -0.1125000440640E-01    4     2 0  0 0  2 0
 -1.125000440639923E-002
    53  -0.6730621603199E-02    4     1 1  0 0  2 0
 -6.730621603198855E-003
    54  -0.1010426774302E-02    4     0 2  0 0  2 0
 -1.010426774301993E-003
    55   0.1125000440640E-01    4     0 0  2 0  2 0
  1.125000440639923E-002
    56   0.3261044066709E-10    4     0 0  1 3  0 0
  3.261044066709376E-011
    57  -0.3023441544740E-05    4     1 0  0 2  1 0
 -3.023441544740383E-006
    58  -0.2699531598176E-06    4     0 1  0 2  1 0
 -2.699531598175717E-007
    59   0.6730621603199E-02    4     0 0  1 1  2 0
  6.730621603198855E-003
    60  -0.3000002350080        4     0 1  0 0  3 0
 -0.300000235007982     
    61   0.9686665188176E-12    4     0 0  0 4  0 0
  9.686665188175800E-013
    62   0.1010426774302E-02    4     0 0  0 2  2 0
  1.010426774301993E-003
    63   0.5058854535762E-09    5     5 0  0 0  0 0
  5.058854535761718E-010
    64   0.2106021047109E-09    5     4 1  0 0  0 0
  2.106021047109259E-010
    65   0.3660051361666E-10    5     3 2  0 0  0 0
  3.660051361665763E-011
    66   0.3402715420709E-11    5     2 3  0 0  0 0
  3.402715420709240E-012
    67   0.1698388866345E-12    5     1 4  0 0  0 0
  1.698388866344637E-013
    68   0.3911882416888E-14    5     0 5  0 0  0 0
  3.911882416888342E-015
    69   0.1019311645664E-09    5     3 0  2 0  0 0
  1.019311645664060E-010
    70   0.4084645223398E-10    5     2 1  2 0  0 0
  4.084645223397658E-011
    71   0.2935771055654E-11    5     1 2  2 0  0 0
  2.935771055653716E-012
    72  -0.3326769502047E-12    5     0 3  2 0  0 0
 -3.326769502047367E-013
    73   0.8091653677715E-09    5     1 0  4 0  0 0
  8.091653677714841E-010
    74   0.1063508691014E-09    5     0 1  4 0  0 0
  1.063508691013946E-010
    75  -0.3380202517964E-10    5     3 0  1 1  0 0
 -3.380202517964064E-011
    76   0.6411625135147E-11    5     2 1  1 1  0 0
  6.411625135147282E-012
    77   0.1670884959565E-11    5     1 2  1 1  0 0
  1.670884959565265E-012
    78   0.2517311864999E-13    5     0 3  1 1  0 0
  2.517311864999191E-014
    79   0.2423044963987E-09    5     1 0  3 1  0 0
  2.423044963987032E-010
    80   0.3186119374306E-10    5     0 1  3 1  0 0
  3.186119374305822E-011
    81   0.4728330356914E-06    5     4 0  0 0  1 0
  4.728330356913916E-007
    82   0.2155986042623E-06    5     3 1  0 0  1 0
  2.155986042622933E-007
    83   0.3783720582620E-07    5     2 2  0 0  1 0
  3.783720582619565E-008
    84   0.3022890737361E-08    5     1 3  0 0  1 0
  3.022890737361282E-009
    85   0.1057281291844E-09    5     0 4  0 0  1 0
  1.057281291844178E-010
    86  -0.1703721030354E-05    5     2 0  2 0  1 0
 -1.703721030354401E-006
    87  -0.3453788302956E-06    5     1 1  2 0  1 0
 -3.453788302955601E-007
    88  -0.2376792382825E-07    5     0 2  2 0  1 0
 -2.376792382824837E-008
    89   0.9507397442674E-07    5     0 0  4 0  1 0
  9.507397442674239E-008
    90  -0.5730659254925E-11    5     3 0  0 2  0 0
 -5.730659254924811E-012
    91  -0.8739591180708E-12    5     2 1  0 2  0 0
 -8.739591180708480E-013
    92  -0.1894667703972E-14    5     1 2  0 2  0 0
 -1.894667703971724E-015
    93   0.5388488023872E-15    5     0 3  0 2  0 0
  5.388488023872178E-016
    94   0.2793408330608E-10    5     1 0  2 2  0 0
  2.793408330607911E-011
    95   0.3943997588575E-11    5     0 1  2 2  0 0
  3.943997588575352E-012
    96  -0.3021315277309E-06    5     2 0  1 1  1 0
 -3.021315277308609E-007
    97  -0.7076408847564E-07    5     1 1  1 1  1 0
 -7.076408847564348E-008
    98  -0.4726405667926E-08    5     0 2  1 1  1 0
 -4.726405667925710E-009
    99   0.2381817465136E-09    5     0 0  3 1  1 0
  2.381817465136417E-010
   100   0.1263201134336E-03    5     3 0  0 0  2 0
  1.263201134336259E-004
   101   0.7551790979824E-04    5     2 1  0 0  2 0
  7.551790979823957E-005
   102   0.1256178080993E-04    5     1 2  0 0  2 0
  1.256178080993124E-005
   103   0.8079281078370E-06    5     0 3  0 0  2 0
  8.079281078369940E-007
   104   0.1263201134336E-03    5     1 0  2 0  2 0
  1.263201134336259E-004
   105  -0.1532787277550E-04    5     0 1  2 0  2 0
 -1.532787277549832E-005
   106   0.1572445148843E-11    5     1 0  1 3  0 0
  1.572445148843488E-012
   107   0.2361060001986E-12    5     0 1  1 3  0 0
  2.361060001985967E-013
   108  -0.1161412040957E-07    5     2 0  0 2  1 0
 -1.161412040957337E-008
   109  -0.3760254233267E-08    5     1 1  0 2  1 0
 -3.760254233267151E-009
   110  -0.2969433539930E-09    5     0 2  0 2  1 0
 -2.969433539930163E-010
   111  -0.2455161588374E-08    5     0 0  2 2  1 0
 -2.455161588373906E-009
   112   0.9084578257374E-04    5     1 0  1 1  2 0
  9.084578257373788E-005
   113   0.5026195440555E-05    5     0 1  1 1  2 0
  5.026195440555299E-006
   114   0.1125000881280E-01    5     2 0  0 0  3 0
  1.125000881279932E-002
   115   0.8969511042300E-02    5     1 1  0 0  3 0
  8.969511042300492E-003
   116   0.1683140322443E-02    5     0 2  0 0  3 0
  1.683140322442867E-003
   117  -0.1125000881280E-01    5     0 0  2 0  3 0
 -1.125000881279932E-002
   118   0.3919932721017E-13    5     1 0  0 4  0 0
  3.919932721016939E-014
   119   0.6340187760685E-14    5     0 1  0 4  0 0
  6.340187760684830E-015
   120  -0.1940041036303E-09    5     0 0  1 3  1 0
 -1.940041036303290E-010
   121   0.7535585369376E-05    5     1 0  0 2  2 0
  7.535585369375943E-006
   122   0.8079281078370E-06    5     0 1  0 2  2 0
  8.079281078369940E-007
   123  -0.8969511042300E-02    5     0 0  1 1  3 0
 -8.969511042300492E-003
   124   0.3000003916800        5     0 1  0 0  4 0
  0.300000391680021     
   125  -0.6747011186746E-11    5     0 0  0 4  1 0
 -6.747011186745633E-012
   126  -0.1683140322443E-02    5     0 0  0 2  3 0
 -1.683140322442867E-003
   127  -0.1575304956491E-11    6     6 0  0 0  0 0
 -1.575304956490737E-012
   128  -0.7551123354490E-12    6     5 1  0 0  0 0
 -7.551123354489780E-013
   129  -0.1578465928783E-12    6     4 2  0 0  0 0
 -1.578465928782618E-013
   130  -0.1844973896841E-13    6     3 3  0 0  0 0
 -1.844973896840937E-014
   131  -0.1287919442348E-14    6     2 4  0 0  0 0
 -1.287919442347656E-015
   132  -0.5139115216632E-16    6     1 5  0 0  0 0
 -5.139115216632292E-017
   133  -0.9610602706623E-18    6     0 6  0 0  0 0
 -9.610602706622500E-019
   134   0.7601648756318E-12    6     4 0  2 0  0 0
  7.601648756317823E-013
   135   0.6278906509908E-12    6     3 1  2 0  0 0
  6.278906509907954E-013
   136   0.1377953145259E-12    6     2 2  2 0  0 0
  1.377953145258502E-013
   137   0.1055209970615E-13    6     1 3  2 0  0 0
  1.055209970614528E-014
   138   0.3302464932067E-15    6     0 4  2 0  0 0
  3.302464932067427E-016
   139   0.3132284844572E-11    6     2 0  4 0  0 0
  3.132284844572414E-012
   140   0.6438240599841E-12    6     1 1  4 0  0 0
  6.438240599841213E-013
   141   0.9826662583759E-14    6     0 2  4 0  0 0
  9.826662583759347E-015
   142   0.7968150124499E-12    6     0 0  6 0  0 0
  7.968150124498973E-013
   143  -0.1592058539369E-12    6     4 0  1 1  0 0
 -1.592058539369123E-013
   144  -0.2740834669538E-13    6     3 1  1 1  0 0
 -2.740834669537543E-014
   145   0.3962698574150E-14    6     2 2  1 1  0 0
  3.962698574150017E-015
   146   0.6319248571605E-15    6     1 3  1 1  0 0
  6.319248571604700E-016
   147   0.2578394358300E-16    6     0 4  1 1  0 0
  2.578394358299656E-017
   148   0.9271530304668E-12    6     2 0  3 1  0 0
  9.271530304667640E-013
   149   0.2297631175821E-12    6     1 1  3 1  0 0
  2.297631175821360E-013
   150   0.6632159234006E-14    6     0 2  3 1  0 0
  6.632159234006125E-015
   151   0.3471799579480E-12    6     0 0  5 1  0 0
  3.471799579480245E-013
   152  -0.2018985962356E-08    6     5 0  0 0  1 0
 -2.018985962356001E-009
   153  -0.1048727632534E-08    6     4 1  0 0  1 0
 -1.048727632533903E-009
   154  -0.2185041931548E-09    6     3 2  0 0  1 0
 -2.185041931547639E-010
   155  -0.2369038102452E-10    6     2 3  0 0  1 0
 -2.369038102452220E-011
   156  -0.1351320576103E-11    6     1 4  0 0  1 0
 -1.351320576103471E-012
   157  -0.3503204510771E-13    6     0 5  0 0  1 0
 -3.503204510770865E-014
   158  -0.4094164782388E-09    6     3 0  2 0  1 0
 -4.094164782388121E-010
   159  -0.2042126794910E-09    6     2 1  2 0  1 0
 -2.042126794910379E-010
   160  -0.1750751456352E-10    6     1 2  2 0  1 0
 -1.750751456351754E-011
   161   0.2331927710734E-11    6     0 3  2 0  1 0
  2.331927710734011E-012
   162  -0.3228504444514E-08    6     1 0  4 0  1 0
 -3.228504444513731E-009
   163  -0.5300362673905E-09    6     0 1  4 0  1 0
 -5.300362673904649E-010
   164   0.1454651967532E-14    6     4 0  0 2  0 0
  1.454651967531603E-015
   165  -0.4822656837849E-15    6     3 1  0 2  0 0
 -4.822656837849246E-016
   166   0.4451141837528E-16    6     2 2  0 2  0 0
  4.451141837527712E-017
   167   0.1435097708086E-16    6     1 3  0 2  0 0
  1.435097708085971E-017
   168   0.7498719989852E-18    6     0 4  0 2  0 0
  7.498719989851527E-019
   169   0.9804895449655E-13    6     2 0  2 2  0 0
  9.804895449654505E-014
   170   0.2851957299077E-13    6     1 1  2 2  0 0
  2.851957299076972E-014
   171   0.1043975285834E-14    6     0 2  2 2  0 0
  1.043975285834450E-015
   172   0.6795052198617E-13    6     0 0  4 2  0 0
  6.795052198617238E-014
   173   0.1685842450732E-09    6     3 0  1 1  1 0
  1.685842450732269E-010
   174  -0.3854477268770E-10    6     2 1  1 1  1 0
 -3.854477268770047E-011
   175  -0.1166867286115E-10    6     1 2  1 1  1 0
 -1.166867286114827E-011
   176  -0.2001300203644E-12    6     0 3  1 1  1 0
 -2.001300203643821E-013
   177  -0.1205966975360E-08    6     1 0  3 1  1 0
 -1.205966975360103E-009
   178  -0.1902637419533E-09    6     0 1  3 1  1 0
 -1.902637419533273E-010
   179  -0.9438373193961E-06    6     4 0  0 0  2 0
 -9.438373193960728E-007
   180  -0.5372688408630E-06    6     3 1  0 0  2 0
 -5.372688408630423E-007
   181  -0.1130697142878E-06    6     2 2  0 0  2 0
 -1.130697142877623E-007
   182  -0.1053581436380E-07    6     1 3  0 0  2 0
 -1.053581436380251E-008
   183  -0.4213007783975E-09    6     0 4  0 0  2 0
 -4.213007783974691E-010
   184   0.3401544175936E-05    6     2 0  2 0  2 0
  3.401544175935556E-006
   185   0.8608054317671E-06    6     1 1  2 0  2 0
  8.608054317671248E-007
   186   0.7109014252728E-07    6     0 2  2 0  2 0
  7.109014252728104E-008
   187  -0.1900107392491E-06    6     0 0  4 0  2 0
 -1.900107392491127E-007
   188   0.4952854453580E-14    6     2 0  1 3  0 0
  4.952854453580009E-015
   189   0.1701886954820E-14    6     1 1  1 3  0 0
  1.701886954819907E-015
   190   0.7560928441478E-16    6     0 2  1 3  0 0
  7.560928441477939E-017
   191   0.7622315113436E-14    6     0 0  3 3  0 0
  7.622315113436118E-015
   192   0.3432814577778E-10    6     3 0  0 2  1 0
  3.432814577777989E-011
   193   0.6102776088484E-11    6     2 1  0 2  1 0
  6.102776088484467E-012
   194   0.1509127117613E-13    6     1 2  0 2  1 0
  1.509127117613389E-014
   195  -0.4826549677351E-14    6     0 3  0 2  1 0
 -4.826549677350859E-015
   196  -0.1666685328135E-09    6     1 0  2 2  1 0
 -1.666685328134664E-010
   197  -0.2746122940227E-10    6     0 1  2 2  1 0
 -2.746122940227266E-011
   198   0.7527801332291E-06    6     2 0  1 1  2 0
  7.527801332290585E-007
   199   0.2115410737064E-06    6     1 1  1 1  2 0
  2.115410737064005E-007
   200   0.1647792936020E-07    6     0 2  1 1  2 0
  1.647792936019944E-008
   201  -0.5930141356855E-09    6     0 0  3 1  2 0
 -5.930141356854855E-010
   202  -0.1683533877076E-03    6     3 0  0 0  3 0
 -1.683533877075695E-004
   203  -0.1256839166790E-03    6     2 1  0 0  3 0
 -1.256839166790068E-004
   204  -0.2506995257071E-04    6     1 2  0 0  3 0
 -2.506995257071321E-005
   205  -0.1881421951492E-05    6     0 3  0 0  3 0
 -1.881421951491577E-006
   206  -0.1683533877076E-03    6     1 0  2 0  3 0
 -1.683533877075695E-004
   207   0.2560611280810E-04    6     0 1  2 0  3 0
  2.560611280810413E-005
   208   0.7179200908673E-16    6     2 0  0 4  0 0
  7.179200908673039E-017
   209   0.3679924963833E-16    6     1 1  0 4  0 0
  3.679924963832967E-017
   210   0.2101681783761E-17    6     0 2  0 4  0 0
  2.101681783760518E-018
   211   0.5230520386509E-15    6     0 0  2 4  0 0
  5.230520386509409E-016
   212  -0.1094474928462E-10    6     1 0  1 3  1 0
 -1.094474928462108E-011
   213  -0.1878531622377E-11    6     0 1  1 3  1 0
 -1.878531622376845E-012
   214   0.3468039432592E-07    6     2 0  0 2  2 0
  3.468039432591924E-008
   215   0.1311626663568E-07    6     1 1  0 2  2 0
  1.311626663567989E-008
   216   0.1183634835795E-08    6     0 2  0 2  2 0
  1.183634835795115E-009
   217   0.7299177434562E-08    6     0 0  2 2  2 0
  7.299177434562006E-009
   218  -0.1512900294871E-03    6     1 0  1 1  3 0
 -1.512900294871109E-004
   219  -0.1003319899138E-04    6     0 1  1 1  3 0
 -1.003319899138099E-005
   220  -0.1125001468800E-01    6     2 0  0 0  4 0
 -1.125001468800079E-002
   221  -0.1120840282170E-01    6     1 1  0 0  4 0
 -1.120840282169748E-002
   222  -0.2523770973789E-02    6     0 2  0 0  4 0
 -2.523770973789283E-003
   223   0.1125001468800E-01    6     0 0  2 0  4 0
  1.125001468800079E-002
   224   0.2088246122293E-16    6     0 0  1 5  0 0
  2.088246122292985E-017
   225  -0.3119897547329E-12    6     1 0  0 4  1 0
 -3.119897547328577E-013
   226  -0.5677789195373E-13    6     0 1  0 4  1 0
 -5.677789195373080E-014
   227   0.6710823651761E-09    6     0 0  1 3  2 0
  6.710823651760633E-010
   228  -0.1503675357933E-04    6     1 0  0 2  3 0
 -1.503675357933221E-005
   229  -0.1881421951492E-05    6     0 1  0 2  3 0
 -1.881421951491577E-006
   230   0.1120840282170E-01    6     0 0  1 1  4 0
  1.120840282169748E-002
   231  -0.3000005875201        6     0 1  0 0  5 0
 -0.300000587520127     
   232   0.3907495141131E-18    6     0 0  0 6  0 0
  3.907495141131158E-019
   233   0.2675583313243E-10    6     0 0  0 4  2 0
  2.675583313243066E-011
   234   0.2523770973789E-02    6     0 0  0 2  4 0
  2.523770973789283E-003
                                      

 etall    1, NO =    6, NV =    6, INA =   21
 *********************************************

    I  COEFFICIENT          ORDER   EXPONENTS
     1    1.000000000000        1     0 1  0 0  0 0
   1.00000000000000     
     2  -0.7500000000000E-01    2     2 0  0 0  0 0
 -7.500000000000000E-002
     3  -0.2250000000000E-01    2     1 1  0 0  0 0
 -2.250000000000002E-002
     4  -0.2250000000000E-02    2     0 2  0 0  0 0
 -2.250000000000002E-003
     5   0.7500000000000E-01    2     0 0  2 0  0 0
  7.500000000000000E-002
     6   0.2250000000000E-01    2     0 0  1 1  0 0
  2.250000000000002E-002
     7   0.2250000000000E-02    2     0 0  0 2  0 0
  2.250000000000002E-003
     8   0.5622291666667E-03    3     3 0  0 0  0 0
  5.622291666666667E-004
     9   0.2108156250000E-03    3     2 1  0 0  0 0
  2.108156250000001E-004
    10   0.2528813437500E-04    3     1 2  0 0  0 0
  2.528813437500002E-005
    11   0.1263798281250E-05    3     0 3  0 0  0 0
  1.263798281250002E-006
    12   0.5622291666667E-03    3     1 0  2 0  0 0
  5.622291666666667E-004
    13  -0.4222812500000E-04    3     0 1  2 0  0 0
 -4.222812500000005E-005
    14   0.2530437500000E-03    3     1 0  1 1  0 0
  2.530437500000002E-004
    15   0.1010875875000E-04    3     0 1  1 1  0 0
  1.010875875000001E-005
    16   0.2250000293760E-01    3     1 1  0 0  1 0
  2.250000293759928E-002
    17   0.4504133921393E-02    3     0 2  0 0  1 0
  4.504133921392840E-003
    18   0.1517937562500E-04    3     1 0  0 2  0 0
  1.517937562500001E-005
    19   0.1263798281250E-05    3     0 1  0 2  0 0
  1.263798281250002E-006
    20  -0.2250000293760E-01    3     0 0  1 1  1 0
 -2.250000293759928E-002
    21  -0.4504133921393E-02    3     0 0  0 2  1 0
 -4.504133921392840E-003
    22  -0.3158989010417E-05    4     4 0  0 0  0 0
 -3.158989010416666E-006
    23  -0.1262885593750E-05    4     3 1  0 0  0 0
 -1.262885593750001E-006
    24  -0.2028291005953E-06    4     2 2  0 0  0 0
 -2.028291005953127E-007
    25  -0.1519786750359E-07    4     1 3  0 0  0 0
 -1.519786750359377E-008
    26  -0.5060512146969E-09    4     0 4  0 0  0 0
 -5.060512146969150E-010
    27   0.1138453681250E-04    4     2 0  2 0  0 0
  1.138453681250000E-005
    28   0.2022869606250E-05    4     1 1  2 0  0 0
  2.022869606250001E-006
    29   0.1272566412141E-06    4     0 2  2 0  0 0
  1.272566412140626E-007
    30  -0.6358565937500E-06    4     0 0  4 0  0 0
 -6.358565937500000E-007
    31   0.1770353606250E-05    4     2 0  1 1  0 0
  1.770353606250001E-006
    32   0.3791400968813E-06    4     1 1  1 1  0 0
  3.791400968812503E-007
    33   0.2374994701828E-07    4     0 2  1 1  0 0
  2.374994701828128E-008
    34  -0.1522143750000E-08    4     0 0  3 1  0 0
 -1.522143749999948E-009
    35  -0.5642499810759E-03    4     3 0  0 0  1 0
 -5.642499810758576E-004
    36  -0.4222306384597E-03    4     2 1  0 0  1 0
 -4.222306384597450E-004
    37  -0.7595240654134E-04    4     1 2  0 0  1 0
 -7.595240654134255E-005
    38  -0.5066377811466E-05    4     0 3  0 0  1 0
 -5.066377811466046E-006
    39  -0.5642499810759E-03    4     1 0  2 0  1 0
 -5.642499810758576E-004
    40   0.8508314999734E-04    4     0 1  2 0  1 0
  8.508314999734088E-005
    41   0.6231340722656E-07    4     2 0  0 2  0 0
  6.231340722656252E-008
    42   0.1888286412516E-07    4     1 1  0 2  0 0
  1.888286412515628E-008
    43   0.1420316458927E-08    4     0 2  0 2  0 0
  1.420316458926612E-009
    44   0.1325905215469E-07    4     0 0  2 2  0 0
  1.325905215468752E-008
    45  -0.5073137884571E-03    4     1 0  1 1  1 0
 -5.073137884570860E-004
    46  -0.3038471521703E-04    4     0 1  1 1  1 0
 -3.038471521702696E-005
    47  -0.2250000881280E-01    4     1 1  0 0  2 0
 -2.250000881279846E-002
    48  -0.6759692723520E-02    4     0 2  0 0  2 0
 -6.759692723519957E-003
    49   0.9869304557812E-09    4     0 0  1 3  0 0
  9.869304557812498E-010
    50  -0.4556769132432E-04    4     1 0  0 2  1 0
 -4.556769132431558E-005
    51  -0.5066377811466E-05    4     0 1  0 2  1 0
 -5.066377811466046E-006
    52   0.2250000881280E-01    4     0 0  1 1  2 0
  2.250000881279846E-002
    53   0.3261239505471E-10    4     0 0  0 4  0 0
  3.261239505471100E-011
    54   0.6759692723520E-02    4     0 0  0 2  2 0
  6.759692723519957E-003
    55   0.1350782469663E-07    5     5 0  0 0  0 0
  1.350782469662760E-008
    56   0.6326637469287E-08    5     4 1  0 0  0 0
  6.326637469287112E-009
    57   0.1221815935951E-08    5     3 2  0 0  0 0
  1.221815935951196E-009
    58   0.1249683230463E-09    5     2 3  0 0  0 0
  1.249683230462539E-010
    59   0.6805783523310E-11    5     1 4  0 0  0 0
  6.805783523310159E-012
    60   0.1698520662143E-12    5     0 5  0 0  0 0
  1.698520662142757E-013
    61   0.2716603643724E-08    5     3 0  2 0  0 0
  2.716603643723954E-009
    62   0.1224288374637E-08    5     2 1  2 0  0 0
  1.224288374636720E-009
    63   0.9761054620001E-10    5     1 2  2 0  0 0
  9.761054620000797E-011
    64  -0.1222751254796E-10    5     0 3  2 0  0 0
 -1.222751254795843E-011
    65   0.2160750661314E-07    5     1 0  4 0  0 0
  2.160750661313802E-008
    66   0.3193470589178E-08    5     0 1  4 0  0 0
  3.193470589177736E-009
    67  -0.1014742961805E-08    5     3 0  1 1  0 0
 -1.014742961804688E-009
    68   0.2136901298131E-09    5     2 1  1 1  0 0
  2.136901298131412E-010
    69   0.6127789113778E-10    5     1 2  1 1  0 0
  6.127789113778023E-011
    70   0.1005524501166E-11    5     0 3  1 1  0 0
  1.005524501165722E-012
    71   0.7281076722023E-08    5     1 0  3 1  0 0
  7.281076722023439E-009
    72   0.1063226957841E-08    5     0 1  3 1  0 0
  1.063226957841141E-009
    73   0.6347965178327E-05    5     4 0  0 0  1 0
  6.347965178327063E-006
    74   0.3799727980120E-05    5     3 1  0 0  1 0
  3.799727980120079E-006
    75   0.8132754045106E-06    5     2 2  0 0  1 0
  8.132754045105727E-007
    76   0.7618247406016E-07    5     1 3  0 0  1 0
  7.618247406016143E-008
    77   0.3046713955109E-08    5     0 4  0 0  1 0
  3.046713955108752E-009
    78  -0.2286086020416E-04    5     2 0  2 0  1 0
 -2.286086020415724E-005
    79  -0.6084399997018E-05    5     1 1  2 0  1 0
 -6.084399997017858E-006
    80  -0.5106422495680E-06    5     0 2  2 0  1 0
 -5.106422495679693E-007
    81   0.1272321556392E-05    5     0 0  4 0  1 0
  1.272321556392018E-006
    82  -0.1911295097585E-09    5     3 0  0 2  0 0
 -1.911295097585393E-010
    83  -0.3207261660993E-10    5     2 1  0 2  0 0
 -3.207261660993462E-011
    84  -0.7709579905283E-13    5     1 2  0 2  0 0
 -7.709579905282537E-014
    85   0.2327535927390E-13    5     0 3  0 2  0 0
  2.327535927390363E-014
    86   0.9330758799926E-09    5     1 0  2 2  0 0
  9.330758799926487E-010
    87   0.1448134271082E-09    5     0 1  2 2  0 0
  1.448134271082301E-010
    88  -0.5322342603079E-05    5     2 0  1 1  1 0
 -5.322342603079236E-006
    89  -0.1520319547257E-05    5     1 1  1 1  1 0
 -1.520319547257014E-006
    90  -0.1190558389953E-06    5     0 2  1 1  1 0
 -1.190558389952684E-007
    91   0.2519553245619E-08    5     0 0  3 1  1 0
  2.519553245619010E-009
    92   0.5642501284128E-03    5     3 0  0 0  2 0
  5.642501284127726E-004
    93   0.6335389844449E-03    5     2 1  0 0  2 0
  6.335389844449174E-004
    94   0.1519605894574E-03    5     1 2  0 0  2 0
  1.519605894573835E-004
    95   0.1268190710324E-04    5     0 3  0 0  2 0
  1.268190710324184E-005
    96   0.5642501284128E-03    5     1 0  2 0  2 0
  5.642501284127726E-004
    97  -0.1282585307104E-03    5     0 1  2 0  2 0
 -1.282585307104139E-004
    98   0.5780785730890E-10    5     1 0  1 3  0 0
  5.780785730889731E-011
    99   0.9460950064171E-11    5     0 1  1 3  0 0
  9.460950064170668E-012
   100  -0.2495175240605E-06    5     2 0  0 2  1 0
 -2.495175240605375E-007
   101  -0.9470990665479E-07    5     1 1  0 2  1 0
 -9.470990665478964E-008
   102  -0.8551953833572E-08    5     0 2  0 2  1 0
 -8.551953833572170E-009
   103  -0.5311563088207E-07    5     0 0  2 2  1 0
 -5.311563088206593E-008
   104   0.7617975151553E-03    5     1 0  1 1  2 0
  7.617975151553311E-004
   105   0.6080655026334E-04    5     0 1  1 1  2 0
  6.080655026334417E-005
   106   0.2250001762560E-01    5     1 1  0 0  3 0
  2.250001762559864E-002
   107   0.9015253291649E-02    5     0 2  0 0  3 0
  9.015253291649018E-003
   108   0.1572546240642E-11    5     1 0  0 4  0 0
  1.572546240641964E-012
   109   0.2753283239325E-12    5     0 1  0 4  0 0
  2.753283239324916E-013
   110  -0.4927225510142E-08    5     0 0  1 3  1 0
 -4.927225510142076E-009
   111   0.9115403919404E-04    5     1 0  0 2  2 0
  9.115403919403936E-005
   112   0.1268190710324E-04    5     0 1  0 2  2 0
  1.268190710324184E-005
   113  -0.2250001762560E-01    5     0 0  1 1  3 0
 -2.250001762559864E-002
   114  -0.1960626772514E-09    5     0 0  0 4  1 0
 -1.960626772513621E-010
   115  -0.9015253291649E-02    5     0 0  0 2  3 0
 -9.015253291649018E-003
   116  -0.5260290907730E-10    6     6 0  0 0  0 0
 -5.260290907730315E-011
   117  -0.2773927765797E-10    6     5 1  0 0  0 0
 -2.773927765796533E-011
   118  -0.6326550263763E-11    6     4 2  0 0  0 0
 -6.326550263762636E-012
   119  -0.8012327530646E-12    6     3 3  0 0  0 0
 -8.012327530645634E-013
   120  -0.6024595874783E-13    6     2 4  0 0  0 0
 -6.024595874783336E-014
   121  -0.2576257592303E-14    6     1 5  0 0  0 0
 -2.576257592302505E-015
   122  -0.5140268053736E-16    6     0 6  0 0  0 0
 -5.140268053736190E-017
   123   0.2544098437999E-10    6     4 0  2 0  0 0
  2.544098437999333E-011
   124   0.2307179602231E-10    6     3 1  2 0  0 0
  2.307179602230504E-011
   125   0.5521569646776E-11    6     2 2  2 0  0 0
  5.521569646776183E-012
   126   0.4581032536699E-12    6     1 3  2 0  0 0
  4.581032536698794E-013
   127   0.1544360129644E-13    6     0 4  2 0  0 0
  1.544360129643544E-014
   128   0.1046321713822E-09    6     2 0  4 0  0 0
  1.046321713821674E-010
   129   0.2364232486424E-10    6     1 1  4 0  0 0
  2.364232486423926E-011
   130   0.3936141940378E-12    6     0 2  4 0  0 0
  3.936141940378401E-013
   131   0.2658827792487E-10    6     0 0  6 0  0 0
  2.658827792487099E-011
   132  -0.5830369168694E-11    6     4 0  1 1  0 0
 -5.830369168694414E-012
   133  -0.1093039423552E-11    6     3 1  1 1  0 0
 -1.093039423552187E-012
   134   0.1725278744505E-12    6     2 2  1 1  0 0
  1.725278744505448E-013
   135   0.2957146146021E-13    6     1 3  1 1  0 0
  2.957146146021062E-014
   136   0.1292606818036E-14    6     0 4  1 1  0 0
  1.292606818036199E-015
   137   0.3408408913478E-10    6     2 0  3 1  0 0
  3.408408913477669E-011
   138   0.9206916346785E-11    6     1 1  3 1  0 0
  9.206916346784843E-012
   139   0.2878906016683E-12    6     0 2  3 1  0 0
  2.878906016683368E-013
   140   0.1274570948744E-10    6     0 0  5 1  0 0
  1.274570948744001E-011
   141  -0.4077263065617E-07    6     5 0  0 0  1 0
 -4.077263065617286E-008
   142  -0.2541674435053E-07    6     4 1  0 0  1 0
 -2.541674435053218E-008
   143  -0.6131335333006E-08    6     3 2  0 0  1 0
 -6.131335333005745E-009
   144  -0.7524559275626E-09    6     2 3  0 0  1 0
 -7.524559275625779E-010
   145  -0.4782069007478E-10    6     1 4  0 0  1 0
 -4.782069007478318E-011
   146  -0.1364964811538E-11    6     0 5  0 0  1 0
 -1.364964811537829E-012
   147  -0.8256397695620E-08    6     3 0  2 0  1 0
 -8.256397695619818E-009
   148  -0.4938889693359E-08    6     2 1  2 0  1 0
 -4.938889693359400E-009
   149  -0.4895459513563E-09    6     1 2  2 0  1 0
 -4.895459513562900E-010
   150   0.7408634634539E-10    6     0 3  2 0  1 0
  7.408634634539221E-011
   151  -0.6520225186175E-07    6     1 0  4 0  1 0
 -6.520225186174816E-008
   152  -0.1283984460028E-07    6     0 1  4 0  1 0
 -1.283984460027609E-008
   153   0.5872307893721E-13    6     4 0  0 2  0 0
  5.872307893720845E-014
   154  -0.2071795154886E-13    6     3 1  0 2  0 0
 -2.071795154885938E-014
   155   0.2112484724144E-14    6     2 2  0 2  0 0
  2.112484724143797E-015
   156   0.7210856619917E-15    6     1 3  0 2  0 0
  7.210856619917223E-016
   157   0.4014386055342E-16    6     0 4  0 2  0 0
  4.014386055342286E-017
   158   0.3935222100223E-11    6     2 0  2 2  0 0
  3.935222100222510E-012
   159   0.1238618055186E-11    6     1 1  2 2  0 0
  1.238618055185583E-012
   160   0.4882519832353E-13    6     0 2  2 2  0 0
  4.882519832352678E-014
   161   0.2721949075121E-11    6     0 0  4 2  0 0
  2.721949075121355E-012
   162   0.4081949878468E-08    6     3 0  1 1  1 0
  4.081949878468345E-009
   163  -0.1079906782066E-08    6     2 1  1 1  1 0
 -1.079906782066260E-009
   164  -0.3701133005221E-09    6     1 2  1 1  1 0
 -3.701133005220600E-010
   165  -0.7064325112338E-11    6     0 3  1 1  1 0
 -7.064325112337922E-012
   166  -0.2923574937898E-07    6     1 0  3 1  1 0
 -2.923574937898052E-008
   167  -0.5336922861696E-08    6     0 1  3 1  1 0
 -5.336922861695789E-009
   168  -0.9534321068828E-05    6     4 0  0 0  2 0
 -9.534321068827939E-006
   169  -0.7607337390137E-05    6     3 1  0 0  2 0
 -7.607337390136562E-006
   170  -0.2035334777437E-05    6     2 2  0 0  2 0
 -2.035334777436784E-006
   171  -0.2288542498448E-06    6     1 3  0 0  2 0
 -2.288542498447608E-007
   172  -0.1068690596214E-07    6     0 4  0 0  2 0
 -1.068690596213901E-008
   173   0.3435326325556E-04    6     2 0  2 0  2 0
  3.435326325555710E-005
   174   0.1218455976491E-04    6     1 1  2 0  2 0
  1.218455976491090E-005
   175   0.1279049680539E-05    6     0 2  2 0  2 0
  1.279049680538907E-006
   176  -0.1916766683024E-05    6     0 0  4 0  2 0
 -1.916766683024428E-006
   177   0.2154880493014E-12    6     2 0  1 3  0 0
  2.154880493013953E-013
   178   0.7963475814617E-13    6     1 1  1 3  0 0
  7.963475814617330E-014
   179   0.3790432206146E-14    6     0 2  1 3  0 0
  3.790432206146405E-015
   180   0.3308507765192E-12    6     0 0  3 3  0 0
  3.308507765191874E-013
   181   0.9622281996074E-09    6     3 0  0 2  1 0
  9.622281996073892E-010
   182   0.1936429632490E-09    6     2 1  0 2  1 0
  1.936429632490367E-010
   183   0.5375844028872E-12    6     1 2  0 2  1 0
  5.375844028871867E-013
   184  -0.1874123493722E-12    6     0 3  0 2  1 0
 -1.874123493722473E-013
   185  -0.4679561182042E-08    6     1 0  2 2  1 0
 -4.679561182042066E-009
   186  -0.8720125444662E-09    6     0 1  2 2  1 0
 -8.720125444662222E-010
   187   0.1065593653376E-04    6     2 0  1 1  2 0
  1.065593653375665E-005
   188   0.3806331225136E-05    6     1 1  1 1  2 0
  3.806331225136251E-006
   189   0.3577610783914E-06    6     0 2  1 1  2 0
  3.577610783913919E-007
   190  -0.6161376085959E-08    6     0 0  3 1  2 0
 -6.161376085958682E-009
   191  -0.5642503494182E-03    6     3 0  0 0  3 0
 -5.642503494181809E-004
   192  -0.8448474959101E-03    6     2 1  0 0  3 0
 -8.448474959101165E-004
   193  -0.2533126810219E-03    6     1 2  0 0  3 0
 -2.533126810219100E-004
   194  -0.2538456364971E-04    6     0 3  0 0  3 0
 -2.538456364970739E-005
   195  -0.5642503494182E-03    6     1 0  2 0  3 0
 -5.642503494181809E-004
   196   0.1714339450798E-03    6     0 1  2 0  3 0
  1.714339450798384E-004
   197   0.3368339763882E-14    6     2 0  0 4  0 0
  3.368339763882110E-015
   198   0.1845792101043E-14    6     1 1  0 4  0 0
  1.845792101043052E-015
   199   0.1124337079312E-15    6     0 2  0 4  0 0
  1.124337079312184E-016
   200   0.2445479000496E-13    6     0 0  2 4  0 0
  2.445479000495896E-014
   201  -0.3479526711622E-09    6     1 0  1 3  1 0
 -3.479526711621971E-010
   202  -0.6647408473908E-10    6     0 1  1 3  1 0
 -6.647408473908167E-011
   203   0.6241159320292E-06    6     2 0  0 2  2 0
  6.241159320292187E-007
   204   0.2847372004093E-06    6     1 1  0 2  2 0
  2.847372004093049E-007
   205   0.3000843166673E-07    6     0 2  0 2  2 0
  3.000843166673252E-008
   206   0.1321691648687E-06    6     0 0  2 2  2 0
  1.321691648686592E-007
   207  -0.1016281440990E-02    6     1 0  1 1  3 0
 -1.016281440989955E-003
   208  -0.1013743689802E-03    6     0 1  1 1  3 0
 -1.013743689801669E-004
   209  -0.2250002937600E-01    6     1 1  0 0  4 0
 -2.250002937600158E-002
   210  -0.1127081621475E-01    6     0 2  0 0  4 0
 -1.127081621475186E-002
   211   0.1046274234859E-14    6     0 0  1 5  0 0
  1.046274234859030E-015
   212  -0.1105148514907E-10    6     1 0  0 4  1 0
 -1.105148514907339E-011
   213  -0.2212470569439E-11    6     0 1  0 4  1 0
 -2.212470569438967E-012
   214   0.1468815691120E-07    6     0 0  1 3  2 0
  1.468815691119516E-008
   215  -0.1519383120417E-03    6     1 0  0 2  3 0
 -1.519383120417430E-004
   216  -0.2538456364971E-04    6     0 1  0 2  3 0
 -2.538456364970738E-005
   217   0.2250002937600E-01    6     0 0  1 1  4 0
  2.250002937600158E-002
   218   0.2088716684043E-16    6     0 0  0 6  0 0
  2.088716684043365E-017
   219   0.6840954065615E-09    6     0 0  0 4  2 0
  6.840954065615014E-010
   220   0.1127081621475E-01    6     0 0  0 2  4 0
  1.127081621475186E-002
                                      

 etall    1, NO =    6, NV =    6, INA =   22
 *********************************************

    I  COEFFICIENT          ORDER   EXPONENTS
     1    1.000000000000        1     0 0  1 0  0 0
   1.00000000000000     
     2   0.3000000000000        1     0 0  0 1  0 0
  0.300000000000000     
     3   0.2250000000000E-01    2     1 0  1 0  0 0
  2.250000000000000E-002
     4   0.2250000000000E-02    2     0 1  1 0  0 0
  2.250000000000001E-003
     5   0.2250000000000E-02    2     1 0  0 1  0 0
  2.250000000000001E-003
     6   0.3375000000000E-03    2     0 1  0 1  0 0
  3.375000000000003E-004
     7  -0.3000000391680        2     0 0  0 1  1 0
 -0.300000039167991     
     8   0.4214687500000E-04    3     2 0  1 0  0 0
  4.214687499999999E-005
     9   0.1517936625000E-04    3     1 1  1 0  0 0
  1.517936625000001E-005
    10   0.7587644062500E-06    3     0 2  1 0  0 0
  7.587644062500005E-007
    11   0.4214687500000E-04    3     0 0  3 0  0 0
  4.214687499999999E-005
    12  -0.2535313125000E-05    3     2 0  0 1  0 0
 -2.535313125000003E-006
    13   0.5050310625000E-06    3     1 1  0 1  0 0
  5.050310625000003E-007
    14   0.5413124193750E-07    3     0 2  0 1  0 0
  5.413124193750007E-008
    15   0.1264405312500E-04    3     0 0  2 1  0 0
  1.264405312500001E-005
    16  -0.2250000293760E-01    3     1 0  1 0  1 0
 -2.250000293759929E-002
    17  -0.4491733919774E-02    3     0 1  1 0  1 0
 -4.491733919773896E-003
    18   0.1263795468750E-05    3     0 0  1 2  0 0
  1.263795468750001E-006
    19  -0.4491733919774E-02    3     1 0  0 1  1 0
 -4.491733919773896E-003
    20  -0.1011260132030E-02    3     0 1  0 1  1 0
 -1.011260132030074E-003
    21   0.5413124193750E-07    3     0 0  0 3  0 0
  5.413124193750007E-008
    22   0.3000001175040        3     0 0  0 1  2 0
  0.300000117503980     
    23  -0.2534288500000E-06    4     3 0  1 0  0 0
 -2.534288500000000E-007
    24  -0.3805999000312E-07    4     2 1  1 0  0 0
 -3.805999000312499E-008
    25  -0.1842498499219E-08    4     1 2  1 0  0 0
 -1.842498499218749E-009
    26  -0.6152920760784E-10    4     0 3  1 0  0 0
 -6.152920760784381E-011
    27   0.5053365750000E-06    4     1 0  3 0  0 0
  5.053365749999999E-007
    28   0.3787734124688E-07    4     0 1  3 0  0 0
  3.787734124687501E-008
    29  -0.1629051867187E-07    4     3 0  0 1  0 0
 -1.629051867187500E-008
    30  -0.4276018539844E-08    4     2 1  0 1  0 0
 -4.276018539843753E-009
    31  -0.3466810372126E-09    4     1 2  0 1  0 0
 -3.466810372125942E-010
    32  -0.1225672405455E-10    4     0 3  0 1  0 0
 -1.225672405454533E-011
    33   0.1244435897531E-06    4     1 0  2 1  0 0
  1.244435897531250E-007
    34   0.9934790944219E-08    4     0 1  2 1  0 0
  9.934790944218755E-009
    35  -0.8428687211560E-04    4     2 0  1 0  1 0
 -8.428687211560106E-005
    36  -0.4547553635395E-04    4     1 1  1 0  1 0
 -4.547553635395051E-005
    37  -0.3023441544740E-05    4     0 2  1 0  1 0
 -3.023441544740383E-006
    38  -0.8428687211560E-04    4     0 0  3 0  1 0
 -8.428687211560106E-005
    39   0.1236831098484E-07    4     1 0  1 2  0 0
  1.236831098484376E-008
    40   0.1073612341251E-08    4     0 1  1 2  0 0
  1.073612341251282E-009
    41   0.7637565538827E-05    4     2 0  0 1  1 0
  7.637565538826859E-006
    42  -0.2015286963116E-05    4     1 1  0 1  1 0
 -2.015286963115769E-006
    43  -0.2699531598176E-06    4     0 2  0 1  1 0
 -2.699531598175717E-007
    44  -0.3783797081512E-04    4     0 0  2 1  1 0
 -3.783797081512363E-005
    45   0.2250000881280E-01    4     1 0  1 0  2 0
  2.250000881279846E-002
    46   0.6730621603199E-02    4     0 1  1 0  2 0
  6.730621603198855E-003
    47   0.4119019185468E-09    4     1 0  0 3  0 0
  4.119019185467817E-010
    48   0.4451950431418E-10    4     0 1  0 3  0 0
  4.451950431417664E-011
    49  -0.5038728507856E-05    4     0 0  1 2  1 0
 -5.038728507856151E-006
    50   0.6730621603199E-02    4     1 0  0 1  2 0
  6.730621603198855E-003
    51   0.2020853548604E-02    4     0 1  0 1  2 0
  2.020853548603986E-003
    52  -0.2699531598176E-06    4     0 0  0 3  1 0
 -2.699531598175717E-007
    53  -0.3000002350080        4     0 0  0 1  3 0
 -0.300000235007982     
    54   0.5096558228320E-10    5     4 0  1 0  0 0
  5.096558228320306E-011
    55  -0.3380202517964E-10    5     3 1  1 0  0 0
 -3.380202517964066E-011
    56  -0.6858061842640E-11    5     2 2  1 0  0 0
 -6.858061842640439E-012
    57  -0.5412821678661E-12    5     1 3  1 0  0 0
 -5.412821678661116E-013
    58  -0.1353389317698E-13    5     0 4  1 0  0 0
 -1.353389317698181E-014
    59   0.1618330735543E-08    5     2 0  3 0  0 0
  1.618330735542968E-009
    60   0.2423044963987E-09    5     1 1  3 0  0 0
  2.423044963987031E-010
    61   0.5866722461315E-11    5     0 2  3 0  0 0
  5.866722461315037E-012
    62   0.3542454964785E-09    5     0 0  5 0  0 0
  3.542454964785156E-010
    63   0.3732423870681E-10    5     4 0  0 1  0 0
  3.732423870680862E-011
    64   0.8666430310579E-11    5     3 1  0 1  0 0
  8.666430310578524E-012
    65   0.7734066135110E-12    5     2 2  0 1  0 0
  7.734066135109510E-013
    66   0.2517311864999E-13    5     1 3  0 1  0 0
  2.517311864999190E-014
    67   0.2694244011936E-15    5     0 4  0 1  0 0
  2.694244011936091E-016
    68   0.4550062346015E-09    5     2 0  2 1  0 0
  4.550062346014923E-010
    69   0.7599591543259E-10    5     1 1  2 1  0 0
  7.599591543258636E-011
    70   0.2296631856994E-11    5     0 2  2 1  0 0
  2.296631856993552E-012
    71   0.1415754743163E-09    5     0 0  4 1  0 0
  1.415754743163398E-010
    72   0.7580549589716E-06    5     3 0  1 0  1 0
  7.580549589716188E-007
    73   0.1514230364852E-06    5     2 1  1 0  1 0
  1.514230364852009E-007
    74   0.9158958821199E-08    5     1 2  1 0  1 0
  9.158958821199464E-009
    75   0.3686817479529E-09    5     0 3  1 0  1 0
  3.686817479529339E-010
    76  -0.1513573081501E-05    5     1 0  3 0  1 0
 -1.513573081500917E-006
    77  -0.1509466729922E-06    5     0 1  3 0  1 0
 -1.509466729921737E-007
    78   0.3772791620437E-10    5     2 0  1 2  0 0
  3.772791620437325E-011
    79   0.8012066909694E-11    5     1 1  1 2  0 0
  8.012066909694065E-012
    80   0.3145046546189E-12    5     0 2  1 2  0 0
  3.145046546189354E-013
    81   0.2500313190042E-10    5     0 0  3 2  0 0
  2.500313190041778E-011
    82   0.6489011301663E-07    5     3 0  0 1  1 0
  6.489011301663333E-008
    83   0.2131276223987E-07    5     2 1  0 1  1 0
  2.131276223987446E-008
    84   0.2072196678517E-08    5     1 2  0 1  1 0
  2.072196678517362E-009
    85   0.8548709562418E-10    5     0 3  0 1  1 0
  8.548709562418088E-011
    86  -0.4960873215412E-06    5     1 0  2 1  1 0
 -4.960873215412201E-007
    87  -0.4945132623577E-07    5     0 1  2 1  1 0
 -4.945132623576902E-008
    88   0.1263201134336E-03    5     2 0  1 0  2 0
  1.263201134336259E-004
    89   0.9084578257374E-04    5     1 1  1 0  2 0
  9.084578257373788E-005
    90   0.7535585369376E-05    5     0 2  1 0  2 0
  7.535585369375943E-006
    91   0.1263201134336E-03    5     0 0  3 0  2 0
  1.263201134336259E-004
    92   0.7241867081501E-12    5     2 0  0 3  0 0
  7.241867081500633E-013
    93   0.2361060001986E-12    5     1 1  0 3  0 0
  2.361060001985966E-013
    94   0.1268037552137E-13    5     0 2  0 3  0 0
  1.268037552136966E-014
    95   0.2345851762354E-11    5     0 0  2 3  0 0
  2.345851762354440E-012
    96  -0.6160512965444E-07    5     1 0  1 2  1 0
 -6.160512965444401E-008
    97  -0.6414463222675E-08    5     0 1  1 2  1 0
 -6.414463222675500E-009
    98  -0.1532787277550E-04    5     2 0  0 1  2 0
 -1.532787277549832E-005
    99   0.5026195440555E-05    5     1 1  0 1  2 0
  5.026195440555299E-006
   100   0.8079281078370E-06    5     0 2  0 1  2 0
  8.079281078369940E-007
   101   0.7551790979824E-04    5     0 0  2 1  2 0
  7.551790979823957E-005
   102  -0.2250001762560E-01    5     1 0  1 0  3 0
 -2.250001762559865E-002
   103  -0.8969511042300E-02    5     0 1  1 0  3 0
 -8.969511042300492E-003
   104   0.1171056662473E-12    5     0 0  1 4  0 0
  1.171056662473124E-013
   105  -0.2460204885778E-08    5     1 0  0 3  1 0
 -2.460204885778020E-009
   106  -0.3104373763665E-09    5     0 1  0 3  1 0
 -3.104373763665077E-010
   107   0.1256178080993E-04    5     0 0  1 2  2 0
  1.256178080993124E-005
   108  -0.8969511042300E-02    5     1 0  0 1  3 0
 -8.969511042300492E-003
   109  -0.3366280644886E-02    5     0 1  0 1  3 0
 -3.366280644885733E-003
   110   0.2697729744990E-14    5     0 0  0 5  0 0
  2.697729744990096E-015
   111   0.8079281078370E-06    5     0 0  0 3  2 0
  8.079281078369940E-007
   112   0.3000003916800        5     0 0  0 1  4 0
  0.300000391680021     
   113   0.8151400808590E-12    6     5 0  1 0  0 0
  8.151400808589554E-013
   114   0.3231807664696E-12    6     4 1  1 0  0 0
  3.231807664696232E-013
   115   0.5217397974722E-13    6     3 2  1 0  0 0
  5.217397974722024E-014
   116   0.4217638152351E-14    6     2 3  1 0  0 0
  4.217638152350563E-015
   117   0.1837695051494E-15    6     1 4  1 0  0 0
  1.837695051493513E-016
   118   0.3678091312890E-17    6     0 5  1 0  0 0
  3.678091312890005E-018
   119   0.4744239937881E-11    6     3 0  3 0  0 0
  4.744239937881270E-012
   120   0.1248744110738E-11    6     2 1  3 0  0 0
  1.248744110737788E-012
   121   0.8081776029006E-13    6     1 2  3 0  0 0
  8.081776029006133E-014
   122   0.1548177492494E-14    6     0 3  3 0  0 0
  1.548177492494456E-015
   123   0.3929099857022E-11    6     1 0  5 0  0 0
  3.929099857022313E-012
   124   0.1863844178125E-12    6     0 1  5 0  0 0
  1.863844178125126E-013
   125  -0.3675322807453E-13    6     5 0  0 1  0 0
 -3.675322807452804E-014
   126  -0.6169006666965E-14    6     4 1  0 1  0 0
 -6.169006666964824E-015
   127   0.1995682195484E-15    6     3 2  0 1  0 0
  1.995682195484250E-016
   128   0.9746716845581E-16    6     2 3  0 1  0 0
  9.746716845581494E-017
   129   0.7578140189577E-17    6     1 4  0 1  0 0
  7.578140189576626E-018
   130   0.2111882716771E-18    6     0 5  0 1  0 0
  2.111882716770972E-019
   131   0.9558404760562E-12    6     3 0  2 1  0 0
  9.558404760562171E-013
   132   0.3460108363870E-12    6     2 1  2 1  0 0
  3.460108363869621E-013
   133   0.2920140689410E-13    6     1 2  2 1  0 0
  2.920140689410308E-014
   134   0.7293920256163E-15    6     0 3  2 1  0 0
  7.293920256162852E-016
   135   0.1731772630586E-11    6     1 0  4 1  0 0
  1.731772630586397E-012
   136   0.9500837877642E-13    6     0 1  4 1  0 0
  9.500837877641547E-014
   137  -0.2047082391194E-09    6     4 0  1 0  1 0
 -2.047082391194060E-010
   138   0.1685842450732E-09    6     3 1  1 0  1 0
  1.685842450732271E-010
   139   0.4097358960458E-10    6     2 2  1 0  1 0
  4.097358960457842E-011
   140   0.3770848377750E-11    6     1 3  1 0  1 0
  3.770848377750458E-012
   141   0.1076106457703E-12    6     0 4  1 0  1 0
  1.076106457702580E-013
   142  -0.6457008889027E-08    6     2 0  3 0  1 0
 -6.457008889027461E-009
   143  -0.1205966975360E-08    6     1 1  3 0  1 0
 -1.205966975360103E-009
   144  -0.3488589502824E-10    6     0 2  3 0  1 0
 -3.488589502823505E-011
   145  -0.1414226721277E-08    6     0 0  5 0  1 0
 -1.414226721277136E-009
   146   0.2476563305184E-13    6     3 0  1 2  0 0
  2.476563305184482E-014
   147   0.2218511143698E-13    6     2 1  1 2  0 0
  2.218511143697501E-014
   148   0.2604407013948E-14    6     1 2  1 2  0 0
  2.604407013948328E-015
   149   0.8107514462601E-16    6     0 3  1 2  0 0
  8.107514462600611E-017
   150   0.3105808778722E-12    6     1 0  3 2  0 0
  3.105808778721973E-013
   151   0.1951565077712E-13    6     0 1  3 2  0 0
  1.951565077711889E-014
   152  -0.1863984622821E-09    6     4 0  0 1  1 0
 -1.863984622821324E-010
   153  -0.5183566034130E-10    6     3 1  0 1  1 0
 -5.183566034129744E-011
   154  -0.5387832908715E-11    6     2 2  0 1  1 0
 -5.387832908715351E-012
   155  -0.2001300203644E-12    6     1 3  0 1  1 0
 -2.001300203643820E-013
   156  -0.2413274838675E-14    6     0 4  0 1  1 0
 -2.413274838675431E-015
   157  -0.2266039510141E-08    6     2 0  2 1  1 0
 -2.266039510141034E-009
   158  -0.4538290175238E-09    6     1 1  2 1  1 0
 -4.538290175237902E-010
   159  -0.1597062040507E-10    6     0 2  2 1  1 0
 -1.597062040507284E-011
   160  -0.7050898274256E-09    6     0 0  4 1  1 0
 -7.050898274255705E-010
   161  -0.1513869537143E-05    6     3 0  1 0  2 0
 -1.513869537143411E-006
   162  -0.3772795878181E-06    6     2 1  1 0  2 0
 -3.772795878180575E-007
   163  -0.2738121689136E-07    6     1 2  1 0  2 0
 -2.738121689135723E-008
   164  -0.1290226135939E-08    6     0 3  1 0  2 0
 -1.290226135938691E-009
   165   0.3021522697437E-05    6     1 0  3 0  2 0
  3.021522697437331E-006
   166   0.3760935595467E-06    6     0 1  3 0  2 0
  3.760935595466865E-007
   167  -0.7905876598816E-15    6     3 0  0 3  0 0
 -7.905876598815669E-016
   168   0.2881439224326E-15    6     2 1  0 3  0 0
  2.881439224325813E-016
   169   0.6347208215250E-16    6     1 2  0 3  0 0
  6.347208215249942E-017
   170   0.2703619569551E-17    6     0 3  0 3  0 0
  2.703619569550731E-018
   171   0.2821125101467E-13    6     1 0  2 3  0 0
  2.821125101467308E-014
   172   0.1990030877252E-14    6     0 1  2 3  0 0
  1.990030877252488E-015
   173  -0.2251496369816E-09    6     2 0  1 2  1 0
 -2.251496369815624E-010
   174  -0.5581546584826E-10    6     1 1  1 2  1 0
 -5.581546584826289E-011
   175  -0.2502511131843E-11    6     0 2  1 2  1 0
 -2.502511131842560E-012
   176  -0.1492901523487E-09    6     0 0  3 2  1 0
 -1.492901523487489E-010
   177  -0.1617682954520E-06    6     3 0  0 1  2 0
 -1.617682954520413E-007
   178  -0.6379096509272E-07    6     2 1  0 1  2 0
 -6.379096509271902E-008
   179  -0.7232341132336E-08    6     1 2  0 1  2 0
 -7.232341132335624E-009
   180  -0.3410332790002E-09    6     0 3  0 1  2 0
 -3.410332790001771E-010
   181   0.1236305977178E-05    6     1 0  2 1  2 0
  1.236305977178126E-006
   182   0.1477501086137E-06    6     0 1  2 1  2 0
  1.477501086136815E-007
   183  -0.1683533877076E-03    6     2 0  1 0  3 0
 -1.683533877075695E-004
   184  -0.1512900294871E-03    6     1 1  1 0  3 0
 -1.512900294871109E-004
   185  -0.1503675357933E-04    6     0 2  1 0  3 0
 -1.503675357933221E-005
   186  -0.1683533877076E-03    6     0 0  3 0  3 0
 -1.683533877075695E-004
   187   0.1350675411140E-14    6     1 0  1 4  0 0
  1.350675411139539E-015
   188   0.1063399329220E-15    6     0 1  1 4  0 0
  1.063399329219691E-016
   189  -0.5025871120452E-11    6     2 0  0 3  1 0
 -5.025871120451760E-012
   190  -0.1878531622377E-11    6     1 1  0 3  1 0
 -1.878531622376845E-012
   191  -0.1135557839075E-12    6     0 2  0 3  1 0
 -1.135557839074616E-013
   192  -0.1633258219334E-10    6     0 0  2 3  1 0
 -1.633258219333643E-011
   193   0.1841598568150E-06    6     1 0  1 2  2 0
  1.841598568150433E-007
   194   0.2236185486354E-07    6     0 1  1 2  2 0
  2.236185486354371E-008
   195   0.2560611280810E-04    6     2 0  0 1  3 0
  2.560611280810413E-005
   196  -0.1003319899138E-04    6     1 1  0 1  3 0
 -1.003319899138099E-005
   197  -0.1881421951492E-05    6     0 2  0 1  3 0
 -1.881421951491577E-006
   198  -0.1256839166790E-03    6     0 0  2 1  3 0
 -1.256839166790068E-004
   199   0.2250002937600E-01    6     1 0  1 0  4 0
  2.250002937600157E-002
   200   0.1120840282170E-01    6     0 1  1 0  4 0
  1.120840282169748E-002
   201   0.2695106235407E-16    6     1 0  0 5  0 0
  2.695106235406983E-017
   202   0.2492431297874E-17    6     0 1  0 5  0 0
  2.492431297873634E-018
   203  -0.9317201756004E-12    6     0 0  1 4  1 0
 -9.317201756003555E-013
   204   0.8574505862688E-08    6     1 0  0 3  2 0
  8.574505862687752E-009
   205   0.1237146502060E-08    6     0 1  0 3  2 0
  1.237146502059977E-009
   206  -0.2506995257071E-04    6     0 0  1 2  3 0
 -2.506995257071321E-005
   207   0.1120840282170E-01    6     1 0  0 1  4 0
  1.120840282169748E-002
   208   0.5047541947579E-02    6     0 1  0 1  4 0
  5.047541947578567E-003
   209  -0.2415912168470E-13    6     0 0  0 5  1 0
 -2.415912168469759E-014
   210  -0.1881421951492E-05    6     0 0  0 3  3 0
 -1.881421951491577E-006
   211  -0.3000005875201        6     0 0  0 1  5 0
 -0.300000587520127     
                                      

 etall    1, NO =    6, NV =    6, INA =   23
 *********************************************

    I  COEFFICIENT          ORDER   EXPONENTS
     1    1.000000000000        1     0 0  0 1  0 0
   1.00000000000000     
     2   0.1500000000000        2     1 0  1 0  0 0
  0.150000000000000     
     3   0.2250000000000E-01    2     0 1  1 0  0 0
  2.250000000000002E-002
     4   0.2250000000000E-01    2     1 0  0 1  0 0
  2.250000000000002E-002
     5   0.4500000000000E-02    2     0 1  0 1  0 0
  4.500000000000005E-003
     6   0.5622291666667E-03    3     2 0  1 0  0 0
  5.622291666666667E-004
     7   0.2530437500000E-03    3     1 1  1 0  0 0
  2.530437500000002E-004
     8   0.1517937562500E-04    3     0 2  1 0  0 0
  1.517937562500001E-005
     9   0.5622291666667E-03    3     0 0  3 0  0 0
  5.622291666666667E-004
    10  -0.4222812500000E-04    3     2 0  0 1  0 0
 -4.222812500000005E-005
    11   0.1010875875000E-04    3     1 1  0 1  0 0
  1.010875875000001E-005
    12   0.1263798281250E-05    3     0 2  0 1  0 0
  1.263798281250002E-006
    13   0.2108156250000E-03    3     0 0  2 1  0 0
  2.108156250000001E-004
    14  -0.2250000293760E-01    3     0 1  1 0  1 0
 -2.250000293759928E-002
    15   0.2528813437500E-04    3     0 0  1 2  0 0
  2.528813437500002E-005
    16  -0.2250000293760E-01    3     1 0  0 1  1 0
 -2.250000293759928E-002
    17  -0.9008267842786E-02    3     0 1  0 1  1 0
 -9.008267842785680E-003
    18   0.1263798281250E-05    3     0 0  0 3  0 0
  1.263798281250002E-006
    19  -0.5066558791667E-05    4     3 0  1 0  0 0
 -5.066558791666667E-006
    20  -0.8874600187500E-06    4     2 1  1 0  0 0
 -8.874600187500001E-007
    21  -0.4905435507187E-07    4     1 2  1 0  0 0
 -4.905435507187500E-008
    22  -0.1842498310781E-08    4     0 3  1 0  0 0
 -1.842498310781253E-009
    23   0.1011282362500E-04    4     1 0  3 0  0 0
  1.011282362500000E-005
    24   0.8844157312500E-06    4     0 1  3 0  0 0
  8.844157312500003E-007
    25  -0.3799920062500E-06    4     3 0  0 1  0 0
 -3.799920062500001E-007
    26  -0.1139975890594E-06    4     2 1  0 1  0 0
 -1.139975890593751E-007
    27  -0.1039457782547E-07    4     1 2  0 1  0 0
 -1.039457782546877E-008
    28  -0.4082140295328E-09    4     0 3  0 1  0 0
 -4.082140295327820E-010
    29   0.2905763193750E-05    4     1 0  2 1  0 0
  2.905763193750001E-006
    30   0.2651425078219E-06    4     0 1  2 1  0 0
  2.651425078218752E-007
    31  -0.5642499810759E-03    4     2 0  1 0  1 0
 -5.642499810758576E-004
    32  -0.5073137884571E-03    4     1 1  1 0  1 0
 -5.073137884570860E-004
    33  -0.4556769132432E-04    4     0 2  1 0  1 0
 -4.556769132431558E-005
    34  -0.5642499810759E-03    4     0 0  3 0  1 0
 -5.642499810758576E-004
    35   0.3300857418094E-06    4     1 0  1 2  0 0
  3.300857418093753E-007
    36   0.3223823331797E-07    4     0 1  1 2  0 0
  3.223823331796880E-008
    37   0.8508314999734E-04    4     2 0  0 1  1 0
  8.508314999734088E-005
    38  -0.3038471521703E-04    4     1 1  0 1  1 0
 -3.038471521702696E-005
    39  -0.5066377811466E-05    4     0 2  0 1  1 0
 -5.066377811466046E-006
    40  -0.4222306384597E-03    4     0 0  2 1  1 0
 -4.222306384597450E-004
    41   0.2250000881280E-01    4     0 1  1 0  2 0
  2.250000881279846E-002
    42   0.1236843873703E-07    4     1 0  0 3  0 0
  1.236843873703127E-008
    43   0.1485541249036E-08    4     0 1  0 3  0 0
  1.485541249036034E-009
    44  -0.7595240654134E-04    4     0 0  1 2  1 0
 -7.595240654134255E-005
    45   0.2250000881280E-01    4     1 0  0 1  2 0
  2.250000881279846E-002
    46   0.1351938544704E-01    4     0 1  0 1  2 0
  1.351938544703991E-002
    47  -0.5066377811466E-05    4     0 0  0 3  1 0
 -5.066377811466046E-006
    48   0.1358301821862E-08    5     4 0  1 0  0 0
  1.358301821861978E-009
    49  -0.1014742961805E-08    5     3 1  1 0  0 0
 -1.014742961804688E-009
    50  -0.2286544728312E-09    5     2 2  1 0  0 0
 -2.286544728312424E-010
    51  -0.1984510406198E-10    5     1 3  1 0  0 0
 -1.984510406197620E-011
    52  -0.5413101501093E-12    5     0 4  1 0  0 0
 -5.413101501092732E-013
    53   0.4321501322628E-07    5     2 0  3 0  0 0
  4.321501322627603E-008
    54   0.7281076722023E-08    5     1 1  3 0  0 0
  7.281076722023439E-009
    55   0.1961139411828E-09    5     0 2  3 0  0 0
  1.961139411827578E-010
    56   0.9457983738372E-08    5     0 0  5 0  0 0
  9.457983738372395E-009
    57   0.1119515668221E-08    5     4 0  0 1  0 0
  1.119515668220704E-009
    58   0.2887400559585E-09    5     3 1  0 1  0 0
  2.887400559585472E-010
    59   0.2833398505192E-10    5     2 2  0 1  0 0
  2.833398505191977E-011
    60   0.1005524501166E-11    5     1 3  0 1  0 0
  1.005524501165722E-012
    61   0.1163767963695E-13    5     0 4  0 1  0 0
  1.163767963695182E-014
    62   0.1366801790038E-07    5     2 0  2 1  0 0
  1.366801790037891E-008
    63   0.2537150835461E-08    5     1 1  2 1  0 0
  2.537150835460924E-009
    64   0.8440682544638E-10    5     0 2  2 1  0 0
  8.440682544637564E-011
    65   0.4252682548330E-08    5     0 0  4 1  0 0
  4.252682548330079E-009
    66   0.1016492984750E-04    5     3 0  1 0  1 0
  1.016492984750312E-005
    67   0.2664950631408E-05    5     2 1  1 0  1 0
  2.664950631408047E-006
    68   0.1964018931785E-06    5     1 2  1 0  1 0
  1.964018931784715E-007
    69   0.9263716297314E-08    5     0 3  1 0  1 0
  9.263716297314106E-009
    70  -0.2031621709137E-04    5     1 0  3 0  1 0
 -2.031621709137321E-005
    71  -0.2659911524917E-05    5     0 1  3 0  1 0
 -2.659911524916809E-006
    72   0.1259340899024E-08    5     2 0  1 2  0 0
  1.259340899023899E-009
    73   0.2942367752504E-09    5     1 1  1 2  0 0
  2.942367752504008E-010
    74   0.1260604254545E-10    5     0 2  1 2  0 0
  1.260604254545459E-011
    75   0.8345724850099E-09    5     0 0  3 2  0 0
  8.345724850098990E-010
    76   0.1142336008449E-05    5     3 0  0 1  1 0
  1.142336008448889E-006
    77   0.4575266186859E-06    5     2 1  0 1  1 0
  4.575266186859034E-007
    78   0.5213708123242E-07    5     1 2  0 1  1 0
  5.213708123242108E-008
    79   0.2458525923355E-08    5     0 3  0 1  1 0
  2.458525923354666E-009
    80  -0.8741791968689E-05    5     1 0  2 1  1 0
 -8.741791968689049E-006
    81  -0.1062792928571E-05    5     0 1  2 1  1 0
 -1.062792928571110E-006
    82   0.5642501284128E-03    5     2 0  1 0  2 0
  5.642501284127726E-004
    83   0.7617975151553E-03    5     1 1  1 0  2 0
  7.617975151553310E-004
    84   0.9115403919404E-04    5     0 2  1 0  2 0
  9.115403919403936E-005
    85   0.5642501284128E-03    5     0 0  3 0  2 0
  5.642501284127726E-004
    86   0.2659896813748E-10    5     2 0  0 3  0 0
  2.659896813747833E-011
    87   0.9460950064171E-11    5     1 1  0 3  0 0
  9.460950064170667E-012
    88   0.5506566478650E-12    5     0 2  0 3  0 0
  5.506566478649831E-013
    89   0.8614184236082E-10    5     0 0  2 3  0 0
  8.614184236081710E-011
    90  -0.1323917654079E-05    5     1 0  1 2  1 0
 -1.323917654078542E-006
    91  -0.1616286644176E-06    5     0 1  1 2  1 0
 -1.616286644176369E-007
    92  -0.1282585307104E-03    5     2 0  0 1  2 0
 -1.282585307104139E-004
    93   0.6080655026334E-04    5     1 1  0 1  2 0
  6.080655026334417E-005
    94   0.1268190710324E-04    5     0 2  0 1  2 0
  1.268190710324184E-005
    95   0.6335389844449E-03    5     0 0  2 1  2 0
  6.335389844449174E-004
    96  -0.2250001762560E-01    5     0 1  1 0  3 0
 -2.250001762559864E-002
    97   0.4691927132559E-11    5     0 0  1 4  0 0
  4.691927132558921E-012
    98  -0.6199153225271E-07    5     1 0  0 3  1 0
 -6.199153225270524E-008
    99  -0.8944079188075E-08    5     0 1  0 3  1 0
 -8.944079188074894E-009
   100   0.1519605894574E-03    5     0 0  1 2  2 0
  1.519605894573835E-004
   101  -0.2250001762560E-01    5     1 0  0 1  3 0
 -2.250001762559864E-002
   102  -0.1803050658330E-01    5     0 1  0 1  3 0
 -1.803050658329804E-002
   103   0.1171139373552E-12    5     0 0  0 5  0 0
  1.171139373551677E-013
   104   0.1268190710324E-04    5     0 0  0 3  2 0
  1.268190710324184E-005
   105   0.2716192469731E-10    6     5 0  1 0  0 0
  2.716192469730984E-011
   106   0.1184546800950E-10    6     4 1  1 0  0 0
  1.184546800949556E-011
   107   0.2085951023102E-11    6     3 2  1 0  0 0
  2.085951023102173E-012
   108   0.1826633960364E-12    6     2 3  1 0  0 0
  1.826633960364446E-013
   109   0.8570626069586E-14    6     1 4  1 0  0 0
  8.570626069586176E-015
   110   0.1837888514733E-15    6     0 5  1 0  0 0
  1.837888514733299E-016
   111   0.1583823740043E-09    6     3 0  3 0  0 0
  1.583823740043483E-010
   112   0.4586798058690E-10    6     2 1  3 0  0 0
  4.586798058690336E-011
   113   0.3240500969266E-11    6     1 2  3 0  0 0
  3.240500969266121E-012
   114   0.6730066881865E-13    6     0 3  3 0  0 0
  6.730066881865273E-014
   115   0.1312204493070E-09    6     1 0  5 0  0 0
  1.312204493070384E-010
   116   0.6853763761377E-11    6     0 1  5 0  0 0
  6.853763761376687E-012
   117  -0.1347617205141E-11    6     5 0  0 1  0 0
 -1.347617205140851E-012
   118  -0.2466540615007E-12    6     4 1  0 1  0 0
 -2.466540615007419E-013
   119   0.8656180456554E-14    6     3 2  0 1  0 0
  8.656180456553870E-015
   120   0.4547785197457E-14    6     2 3  0 1  0 0
  4.547785197457319E-015
   121   0.3787762608013E-15    6     1 4  0 1  0 0
  3.787762608012540E-016
   122   0.1125881998394E-16    6     0 5  0 1  0 0
  1.125881998393905E-017
   123   0.3510199370391E-10    6     3 0  2 1  0 0
  3.510199370390733E-011
   124   0.1386358610895E-10    6     2 1  2 1  0 0
  1.386358610895187E-011
   125   0.1267992187191E-11    6     1 2  2 1  0 0
  1.267992187190997E-012
   126   0.3411924665767E-13    6     0 3  2 1  0 0
  3.411924665766795E-014
   127   0.6361835972508E-10    6     1 0  4 1  0 0
  6.361835972507928E-011
   128   0.3810284400116E-11    6     0 1  4 1  0 0
  3.810284400115586E-012
   129  -0.4128198847810E-08    6     4 0  1 0  1 0
 -4.128198847809907E-009
   130   0.4081949878468E-08    6     3 1  1 0  1 0
  4.081949878468348E-009
   131   0.1148161884056E-08    6     2 2  1 0  1 0
  1.148161884056100E-009
   132   0.1195566169036E-09    6     1 3  1 0  1 0
  1.195566169036445E-010
   133   0.3800954757613E-11    6     0 4  1 0  1 0
  3.800954757612552E-012
   134  -0.1304045037235E-06    6     2 0  3 0  1 0
 -1.304045037234963E-007
   135  -0.2923574937898E-07    6     1 1  3 0  1 0
 -2.923574937898052E-008
   136  -0.9803461557587E-09    6     0 2  3 0  1 0
 -9.803461557586658E-010
   137  -0.2855782005339E-07    6     0 0  5 0  1 0
 -2.855782005338521E-008
   138   0.9929115995500E-12    6     3 0  1 2  0 0
  9.929115995499869E-013
   139   0.9631781975521E-12    6     2 1  1 2  0 0
  9.631781975521487E-013
   140   0.1218076586283E-12    6     1 2  1 2  0 0
  1.218076586283270E-013
   141   0.4063851819667E-14    6     0 3  1 2  0 0
  4.063851819666628E-015
   142   0.1244741731605E-10    6     1 0  3 2  0 0
  1.244741731605096E-011
   143   0.8478154703344E-12    6     0 1  3 2  0 0
  8.478154703343566E-013
   144  -0.4510419785914E-08    6     4 0  0 1  1 0
 -4.510419785913872E-009
   145  -0.1451774150964E-08    6     3 1  0 1  1 0
 -1.451774150963680E-009
   146  -0.1707486123675E-09    6     2 2  0 1  1 0
 -1.707486123674600E-010
   147  -0.7064325112338E-11    6     1 3  0 1  1 0
 -7.064325112337917E-012
   148  -0.9370617468612E-13    6     0 4  0 1  1 0
 -9.370617468612371E-014
   149  -0.5491543857953E-07    6     2 0  2 1  1 0
 -5.491543857953272E-008
   150  -0.1273535291426E-07    6     1 1  2 1  1 0
 -1.273535291426259E-008
   151  -0.5076209688497E-09    6     0 2  2 1  1 0
 -5.076209688497257E-010
   152  -0.1708731953617E-07    6     0 0  4 1  1 0
 -1.708731953616996E-008
   153  -0.1528462111790E-04    6     3 0  1 0  2 0
 -1.528462111790122E-005
   154  -0.5337210331007E-05    6     2 1  1 0  2 0
 -5.337210331007266E-006
   155  -0.4919467671606E-06    6     1 2  1 0  2 0
 -4.919467671605596E-007
   156  -0.2794147528227E-07    6     0 3  1 0  2 0
 -2.794147528227204E-008
   157   0.3051972988951E-04    6     1 0  3 0  2 0
  3.051972988950824E-005
   158   0.5324887578835E-05    6     0 1  3 0  2 0
  5.324887578835347E-006
   159  -0.3430399439430E-13    6     3 0  0 3  0 0
 -3.430399439429662E-014
   160   0.1347459221959E-13    6     2 1  0 3  0 0
  1.347459221958970E-014
   161   0.3181211834656E-14    6     1 2  0 3  0 0
  3.181211834656442E-015
   162   0.1445796947556E-15    6     0 3  0 3  0 0
  1.445796947555911E-016
   163   0.1225032012340E-11    6     1 0  2 3  0 0
  1.225032012340146E-012
   164   0.9310935036576E-13    6     0 1  2 3  0 0
  9.310935036576300E-014
   165  -0.6317269017454E-08    6     2 0  1 2  1 0
 -6.317269017454455E-009
   166  -0.1772641164720E-08    6     1 1  1 2  1 0
 -1.772641164719585E-009
   167  -0.8857705503723E-10    6     0 2  1 2  1 0
 -8.857705503722845E-011
   168  -0.4188760977640E-08    6     0 0  3 2  1 0
 -4.188760977639690E-009
   169  -0.2288611187387E-05    6     3 0  0 1  2 0
 -2.288611187387172E-006
   170  -0.1146880515670E-05    6     2 1  0 1  2 0
 -1.146880515670248E-006
   171  -0.1568483038289E-06    6     1 2  0 1  2 0
 -1.568483038289032E-007
   172  -0.8634619742455E-08    6     0 3  0 1  2 0
 -8.634619742454504E-009
   173   0.1750328596766E-04    6     1 0  2 1  2 0
  1.750328596766029E-005
   174   0.2659450709466E-05    6     0 1  2 1  2 0
  2.659450709466004E-006
   175  -0.5642503494182E-03    6     2 0  1 0  3 0
 -5.642503494181809E-004
   176  -0.1016281440990E-02    6     1 1  1 0  3 0
 -1.016281440989955E-003
   177  -0.1519383120417E-03    6     0 2  1 0  3 0
 -1.519383120417430E-004
   178  -0.5642503494182E-03    6     0 0  3 0  3 0
 -5.642503494181809E-004
   179   0.6317373587278E-13    6     1 0  1 4  0 0
  6.317373587277814E-014
   180   0.5331614121444E-14    6     0 1  1 4  0 0
  5.331614121444474E-015
   181  -0.1596682976875E-09    6     2 0  0 3  1 0
 -1.596682976875286E-010
   182  -0.6647408473908E-10    6     1 1  0 3  1 0
 -6.647408473908167E-011
   183  -0.4424941138878E-11    6     0 2  0 3  1 0
 -4.424941138877933E-012
   184  -0.5187012835297E-09    6     0 0  2 3  1 0
 -5.187012835296571E-010
   185   0.3314384457976E-05    6     1 0  1 2  2 0
  3.314384457975691E-006
   186   0.4856499749718E-06    6     0 1  1 2  2 0
  4.856499749717937E-007
   187   0.1714339450798E-03    6     2 0  0 1  3 0
  1.714339450798384E-004
   188  -0.1013743689802E-03    6     1 1  0 1  3 0
 -1.013743689801669E-004
   189  -0.2538456364971E-04    6     0 2  0 1  3 0
 -2.538456364970738E-005
   190  -0.8448474959101E-03    6     0 0  2 1  3 0
 -8.448474959101165E-004
   191   0.2250002937600E-01    6     0 1  1 0  4 0
  2.250002937600158E-002
   192   0.1350884420604E-14    6     1 0  0 5  0 0
  1.350884420604011E-015
   193   0.1333208747717E-15    6     0 1  0 5  0 0
  1.333208747716520E-016
   194  -0.3296825016810E-10    6     0 0  1 4  1 0
 -3.296825016809725E-011
   195   0.1862246176513E-06    6     1 0  0 3  2 0
  1.862246176512936E-007
   196   0.3137662247986E-07    6     0 1  0 3  2 0
  3.137662247985552E-008
   197  -0.2533126810219E-03    6     0 0  1 2  3 0
 -2.533126810219100E-004
   198   0.2250002937600E-01    6     1 0  0 1  4 0
  2.250002937600158E-002
   199   0.2254163242950E-01    6     0 1  0 1  4 0
  2.254163242950372E-002
   200  -0.9412119325873E-12    6     0 0  0 5  1 0
 -9.412119325872609E-013
   201  -0.2538456364971E-04    6     0 0  0 3  3 0
 -2.538456364970739E-005
                                      

 etall    1, NO =    6, NV =    6, INA =   24
 *********************************************

    I  COEFFICIENT          ORDER   EXPONENTS
     1    1.000000000000        1     0 0  0 0  1 0
   1.00000000000000     
                                      

 etall    1, NO =    6, NV =    6, INA =   25
 *********************************************

    I  COEFFICIENT          ORDER   EXPONENTS
     1  -0.7833598629770E-07    1     0 0  0 0  1 0
 -7.833598629769513E-008
     2    1.000000000000        1     0 0  0 0  0 1
   1.00000000000000     
     3   0.1500000195840        2     0 2  0 0  0 0
  0.150000019583995     
     4   0.1500000195840        2     0 0  0 2  0 0
  0.150000019583995     
     5   0.1175039948009E-06    2     0 0  0 0  2 0
  1.175039948009271E-007
     6  -0.1125000146880E-01    3     2 1  0 0  0 0
 -1.125000146879965E-002
     7  -0.2245866959887E-02    3     1 2  0 0  0 0
 -2.245866959886949E-003
     8  -0.1681300219510E-03    3     0 3  0 0  0 0
 -1.681300219510477E-004
     9   0.1125000146880E-01    3     0 1  2 0  0 0
  1.125000146879965E-002
    10   0.2250000293760E-01    3     1 0  1 1  0 0
  2.250000293759929E-002
    11   0.4491733919774E-02    3     0 1  1 1  0 0
  4.491733919773898E-003
    12  -0.3000001175040        3     0 2  0 0  1 0
 -0.300000117503980     
    13   0.2245866959887E-02    3     1 0  0 2  0 0
  2.245866959886949E-003
    14   0.5043900658531E-03    3     0 1  0 2  0 0
  5.043900658531429E-004
    15  -0.3000001175040        3     0 0  0 2  1 0
 -0.300000117503980     
    16  -0.1566720237545E-06    3     0 0  0 0  3 0
 -1.566720237544673E-007
    17   0.2808125598110E-03    4     4 0  0 0  0 0
  2.808125598110223E-004
    18   0.1681369108408E-03    4     3 1  0 0  0 0
  1.681369108408359E-004
    19   0.3773874411467E-04    4     2 2  0 0  0 0
  3.773874411466863E-005
    20   0.3762438653724E-05    4     1 3  0 0  0 0
  3.762438653723812E-006
    21   0.1606621291504E-06    4     0 4  0 0  0 0
  1.606621291504151E-007
    22   0.5616251196220E-03    4     2 0  2 0  0 0
  5.616251196220445E-004
    23   0.1681369108408E-03    4     1 1  2 0  0 0
  1.681369108408359E-004
    24   0.2516470141050E-05    4     0 2  2 0  0 0
  2.516470141050226E-006
    25   0.2808125598110E-03    4     0 0  4 0  0 0
  2.808125598110223E-004
    26   0.1681369108408E-03    4     2 0  1 1  0 0
  1.681369108408359E-004
    27   0.7044454794724E-04    4     1 1  1 1  0 0
  7.044454794723681E-005
    28   0.3762438653724E-05    4     0 2  1 1  0 0
  3.762438653723813E-006
    29   0.1681369108408E-03    4     0 0  3 1  0 0
  1.681369108408359E-004
    30   0.2250000881280E-01    4     2 1  0 0  1 0
  2.250000881279846E-002
    31   0.6730621603199E-02    4     1 2  0 0  1 0
  6.730621603198854E-003
    32   0.6720931082879E-03    4     0 3  0 0  1 0
  6.720931082878515E-004
    33  -0.2250000881280E-01    4     0 1  2 0  1 0
 -2.250000881279846E-002
    34   0.2516470141050E-05    4     2 0  0 2  0 0
  2.516470141050225E-006
    35   0.3762438653724E-05    4     1 1  0 2  0 0
  3.762438653723812E-006
    36   0.3213242583008E-06    4     0 2  0 2  0 0
  3.213242583008301E-007
    37   0.3773874411467E-04    4     0 0  2 2  0 0
  3.773874411466863E-005
    38  -0.4500001762560E-01    4     1 0  1 1  1 0
 -4.500001762559692E-002
    39  -0.1346124320640E-01    4     0 1  1 1  1 0
 -1.346124320639771E-002
    40   0.4500003525120        4     0 2  0 0  2 0
  0.450000352511973     
    41   0.3762438653724E-05    4     0 0  1 3  0 0
  3.762438653723813E-006
    42  -0.6730621603199E-02    4     1 0  0 2  1 0
 -6.730621603198854E-003
    43  -0.2016279324864E-02    4     0 1  0 2  1 0
 -2.016279324863554E-003
    44   0.1606621291504E-06    4     0 0  0 4  0 0
  1.606621291504151E-007
    45   0.4500003525120        4     0 0  0 2  2 0
  0.450000352511973     
    46   0.1958400807522E-06    4     0 0  0 0  4 0
  1.958400807522409E-007
    47  -0.2514935583442E-05    5     5 0  0 0  0 0
 -2.514935583442460E-006
    48  -0.1567011738270E-05    5     4 1  0 0  0 0
 -1.567011738269533E-006
    49  -0.3880787297140E-06    5     3 2  0 0  0 0
 -3.880787297139988E-007
    50  -0.4946677044646E-07    5     2 3  0 0  0 0
 -4.946677044645734E-008
    51  -0.3281379924265E-08    5     1 4  0 0  0 0
 -3.281379924265012E-009
    52  -0.9789246469247E-10    5     0 5  0 0  0 0
 -9.789246469246886E-011
    53   0.5029871166885E-05    5     3 0  2 0  0 0
  5.029871166884920E-006
    54   0.3385690646619E-05    5     2 1  2 0  0 0
  3.385690646618942E-006
    55   0.4899861830011E-06    5     1 2  2 0  0 0
  4.899861830011145E-007
    56   0.2429583402995E-07    5     0 3  2 0  0 0
  2.429583402995357E-008
    57   0.7544806750327E-05    5     1 0  4 0  0 0
  7.544806750327381E-006
    58   0.4384481893966E-06    5     0 1  4 0  0 0
  4.384481893965522E-007
    59  -0.2516671700799E-06    5     3 0  1 1  0 0
 -2.516671700798760E-007
    60   0.3371250030704E-06    5     2 1  1 1  0 0
  3.371250030704410E-007
    61   0.7376260447641E-07    5     1 2  1 1  0 0
  7.376260447641092E-008
    62   0.4058533017339E-08    5     0 3  1 1  0 0
  4.058533017339019E-009
    63   0.4262587025412E-05    5     1 0  3 1  0 0
  4.262587025412046E-006
    64   0.3371250030704E-06    5     0 1  3 1  0 0
  3.371250030704410E-007
    65  -0.5616252662736E-03    5     4 0  0 0  1 0
 -5.616252662735557E-004
    66  -0.5041903977802E-03    5     3 1  0 0  1 0
 -5.041903977802468E-004
    67  -0.1508114260398E-03    5     2 2  0 0  1 0
 -1.508114260397533E-004
    68  -0.1879069174324E-04    5     1 3  0 0  1 0
 -1.879069174323739E-005
    69  -0.9631063037720E-06    5     0 4  0 0  1 0
 -9.631063037720308E-007
    70  -0.1123250532547E-02    5     2 0  2 0  1 0
 -1.123250532547111E-003
    71  -0.5041903977802E-03    5     1 1  2 0  1 0
 -5.041903977802468E-004
    72  -0.9998677158695E-05    5     0 2  2 0  1 0
 -9.998677158694506E-006
    73  -0.5616252662736E-03    5     0 0  4 0  1 0
 -5.616252662735557E-004
    74  -0.5095372664356E-07    5     3 0  0 2  0 0
 -5.095372664355781E-008
    75   0.8751023865502E-09    5     2 1  0 2  0 0
  8.751023865501978E-010
    76   0.2504226831191E-08    5     1 2  0 2  0 0
  2.504226831191006E-009
    77   0.1957849293849E-09    5     0 3  0 2  0 0
  1.957849293849378E-010
    78   0.8271111860716E-06    5     1 0  2 2  0 0
  8.271111860715556E-007
    79   0.7463770686296E-07    5     0 1  2 2  0 0
  7.463770686296111E-008
    80  -0.5041903977802E-03    5     2 0  1 1  1 0
 -5.041903977802468E-004
    81  -0.2816254977621E-03    5     1 1  1 1  1 0
 -2.816254977621176E-004
    82  -0.1879069174324E-04    5     0 2  1 1  1 0
 -1.879069174323739E-005
    83  -0.5041903977802E-03    5     0 0  3 1  1 0
 -5.041903977802468E-004
    84  -0.3375002643840E-01    5     2 1  0 0  2 0
 -3.375002643839797E-002
    85  -0.1345426656345E-01    5     1 2  0 0  2 0
 -1.345426656345074E-002
    86  -0.1679806098156E-02    5     0 3  0 0  2 0
 -1.679806098155592E-003
    87   0.3375002643840E-01    5     0 1  2 0  2 0
  3.375002643839797E-002
    88   0.7376260447641E-07    5     1 0  1 3  0 0
  7.376260447641092E-008
    89   0.7397502125594E-08    5     0 1  1 3  0 0
  7.397502125593694E-009
    90  -0.9998677158695E-05    5     2 0  0 2  1 0
 -9.998677158694506E-006
    91  -0.1879069174324E-04    5     1 1  0 2  1 0
 -1.879069174323740E-005
    92  -0.1926212607544E-05    5     0 2  0 2  1 0
 -1.926212607544062E-006
    93  -0.1508114260398E-03    5     0 0  2 2  1 0
 -1.508114260397533E-004
    94   0.6750005287680E-01    5     1 0  1 1  2 0
  6.750005287679595E-002
    95   0.2690853312690E-01    5     0 1  1 1  2 0
  2.690853312690147E-002
    96  -0.6000007833600        5     0 2  0 0  3 0
 -0.600000783360042     
    97   0.2446637647201E-08    5     1 0  0 4  0 0
  2.446637647201344E-009
    98   0.2936773940774E-09    5     0 1  0 4  0 0
  2.936773940774066E-010
    99  -0.1879069174324E-04    5     0 0  1 3  1 0
 -1.879069174323739E-005
   100   0.1345426656345E-01    5     1 0  0 2  2 0
  1.345426656345074E-002
   101   0.5039418294467E-02    5     0 1  0 2  2 0
  5.039418294466776E-003
   102  -0.9631063037720E-06    5     0 0  0 4  1 0
 -9.631063037720308E-007
   103  -0.6000007833600        5     0 0  0 2  3 0
 -0.600000783360042     
   104  -0.2350081737212E-06    5     0 0  0 0  5 0
 -2.350081737212407E-007
   105   0.1671652092694E-07    6     6 0  0 0  0 0
  1.671652092693799E-008
   106   0.1098506608978E-07    6     5 1  0 0  0 0
  1.098506608978010E-008
   107   0.3051458639232E-08    6     4 2  0 0  0 0
  3.051458639231968E-009
   108   0.4619424729763E-09    6     3 3  0 0  0 0
  4.619424729763133E-010
   109   0.4087281395724E-10    6     2 4  0 0  0 0
  4.087281395724250E-011
   110   0.2029513241368E-11    6     1 5  0 0  0 0
  2.029513241368479E-012
   111   0.4648358167827E-13    6     0 6  0 0  0 0
  4.648358167827348E-014
   112  -0.5827473301927E-07    6     4 0  2 0  0 0
 -5.827473301927295E-008
   113  -0.1881287305336E-07    6     3 1  2 0  0 0
 -1.881287305335554E-008
   114  -0.2484897419227E-08    6     2 2  2 0  0 0
 -2.484897419226628E-009
   115  -0.1856918815797E-09    6     1 3  2 0  0 0
 -1.856918815797300E-010
   116  -0.8351487643876E-11    6     0 4  2 0  0 0
 -8.351487643876374E-012
   117   0.1224324266475E-06    6     2 0  4 0  0 0
  1.224324266475386E-007
   118   0.2457940116742E-07    6     1 1  4 0  0 0
  2.457940116741868E-008
   119   0.1419514318465E-08    6     0 2  4 0  0 0
  1.419514318464513E-009
   120   0.4669376949151E-08    6     0 0  6 0  0 0
  4.669376949150555E-009
   121  -0.9406436526678E-08    6     4 0  1 1  0 0
 -9.406436526677771E-009
   122  -0.3691981735388E-08    6     3 1  1 1  0 0
 -3.691981735388200E-009
   123  -0.4950297373253E-09    6     2 2  1 1  0 0
 -4.950297373253404E-010
   124  -0.3161158156660E-10    6     1 3  1 1  0 0
 -3.161158156660355E-011
   125  -0.1200267989742E-11    6     0 4  1 1  0 0
 -1.200267989742084E-012
   126   0.4915880233484E-07    6     2 0  3 1  0 0
  4.915880233483736E-008
   127   0.1021975901846E-07    6     1 1  3 1  0 0
  1.021975901845802E-008
   128   0.5650550915582E-09    6     0 2  3 1  0 0
  5.650550915581834E-010
   129   0.4187898550961E-08    6     0 0  5 1  0 0
  4.187898550960809E-009
   130   0.7546886568834E-05    6     5 0  0 0  1 0
  7.546886568833538E-006
   131   0.6263414536208E-05    6     4 1  0 0  1 0
  6.263414536207742E-006
   132   0.1937844227177E-05    6     3 2  0 0  1 0
  1.937844227176679E-006
   133   0.2963265500130E-06    6     2 3  0 0  1 0
  2.963265500129909E-007
   134   0.2293155642391E-07    6     1 4  0 0  1 0
  2.293155642391050E-008
   135   0.7820576155180E-09    6     0 5  0 0  1 0
  7.820576155180172E-010
   136  -0.1509377313767E-04    6     3 0  2 0  1 0
 -1.509377313766708E-005
   137  -0.1353517385280E-04    6     2 1  2 0  1 0
 -1.353517385280003E-005
   138  -0.2446812176680E-05    6     1 2  2 0  1 0
 -2.446812176679966E-006
   139  -0.1455672052429E-06    6     0 3  2 0  1 0
 -1.455672052429383E-007
   140  -0.2264065970650E-04    6     1 0  4 0  1 0
 -2.264065970650061E-005
   141  -0.1751689918608E-05    6     0 1  4 0  1 0
 -1.751689918607734E-006
   142  -0.3194532757663E-09    6     4 0  0 2  0 0
 -3.194532757662641E-010
   143  -0.1856918815797E-09    6     3 1  0 2  0 0
 -1.856918815797300E-010
   144  -0.3250876607105E-10    6     2 2  0 2  0 0
 -3.250876607105453E-011
   145  -0.2400535979484E-11    6     1 3  0 2  0 0
 -2.400535979484168E-012
   146  -0.8252879265842E-13    6     0 4  0 2  0 0
 -8.252879265841690E-014
   147   0.7948908146158E-08    6     2 0  2 2  0 0
  7.948908146158036E-009
   148   0.1757211182088E-08    6     1 1  2 2  0 0
  1.757211182088400E-009
   149   0.9755141869779E-10    6     0 2  2 2  0 0
  9.755141869778678E-011
   150   0.1312491045001E-08    6     0 0  4 2  0 0
  1.312491045001191E-009
   151   0.1008344780385E-05    6     3 0  1 1  1 0
  1.008344780384539E-006
   152  -0.1683360252425E-05    6     2 1  1 1  1 0
 -1.683360252425035E-006
   153  -0.4418937552559E-06    6     1 2  1 1  1 0
 -4.418937552559292E-007
   154  -0.2835440935933E-07    6     0 3  1 1  1 0
 -2.835440935932678E-008
   155  -0.1703855369002E-04    6     1 0  3 1  1 0
 -1.703855369001549E-005
   156  -0.1683360252425E-05    6     0 1  3 1  1 0
 -1.683360252425036E-006
   157   0.8424382293763E-03    6     4 0  0 0  2 0
  8.424382293762879E-004
   158   0.1008160658213E-02    6     3 1  0 0  2 0
  1.008160658213136E-003
   159   0.3768134481292E-03    6     2 2  0 0  2 0
  3.768134481292107E-004
   160   0.5632909288622E-04    6     1 3  0 0  2 0
  5.632909288621998E-005
   161   0.3368849145295E-05    6     0 4  0 0  2 0
  3.368849145295077E-006
   162   0.1684876458753E-02    6     2 0  2 0  2 0
  1.684876458752576E-003
   163   0.1008160658213E-02    6     1 1  2 0  2 0
  1.008160658213136E-003
   164   0.2485348880117E-04    6     0 2  2 0  2 0
  2.485348880116861E-005
   165   0.8424382293763E-03    6     0 0  4 0  2 0
  8.424382293762879E-004
   166   0.5650550915582E-09    6     2 0  1 3  0 0
  5.650550915581834E-010
   167   0.1418019981252E-09    6     1 1  1 3  0 0
  1.418019981251848E-010
   168   0.8365401457551E-11    6     0 2  1 3  0 0
  8.365401457551042E-012
   169   0.2116934819303E-09    6     0 0  3 3  0 0
  2.116934819303421E-010
   170   0.2544839747516E-06    6     3 0  0 2  1 0
  2.544839747516433E-007
   171  -0.5192139527114E-08    6     2 1  0 2  1 0
 -5.192139527114279E-009
   172  -0.1750870348849E-07    6     1 2  0 2  1 0
 -1.750870348849421E-008
   173  -0.1564115231036E-08    6     0 3  0 2  1 0
 -1.564115231036035E-009
   174  -0.4130172429105E-05    6     1 0  2 2  1 0
 -4.130172429105002E-006
   175  -0.4470858947830E-06    6     0 1  2 2  1 0
 -4.470858947830435E-007
   176   0.1008160658213E-02    6     2 0  1 1  2 0
  1.008160658213136E-003
   177   0.7039199186561E-03    6     1 1  1 1  2 0
  7.039199186560842E-004
   178   0.5632909288622E-04    6     0 2  1 1  2 0
  5.632909288621998E-005
   179   0.1008160658213E-02    6     0 0  3 1  2 0
  1.008160658213136E-003
   180   0.4500005875200E-01    6     2 1  0 0  3 0
  4.500005875200316E-002
   181   0.2241680564339E-01    6     1 2  0 0  3 0
  2.241680564339496E-002
   182   0.3359186181470E-02    6     0 3  0 0  3 0
  3.359186181470386E-003
   183  -0.4500005875200E-01    6     0 1  2 0  3 0
 -4.500005875200316E-002
   184   0.1332520981760E-10    6     2 0  0 4  0 0
  1.332520981759718E-011
   185   0.4182700728776E-11    6     1 1  0 4  0 0
  4.182700728775521E-012
   186   0.2874371034970E-12    6     0 2  0 4  0 0
  2.874371034969787E-013
   187   0.1919611649577E-10    6     0 0  2 4  0 0
  1.919611649576895E-011
   188  -0.4418937552559E-06    6     1 0  1 3  1 0
 -4.418937552559292E-007
   189  -0.5169934734399E-07    6     0 1  1 3  1 0
 -5.169934734398572E-008
   190   0.2485348880117E-04    6     2 0  0 2  2 0
  2.485348880116861E-005
   191   0.5632909288622E-04    6     1 1  0 2  2 0
  5.632909288621998E-005
   192   0.6737698290590E-05    6     0 2  0 2  2 0
  6.737698290590153E-006
   193   0.3768134481292E-03    6     0 0  2 2  2 0
  3.768134481292107E-004
   194  -0.9000011750401E-01    6     1 0  1 1  3 0
 -9.000011750400633E-002
   195  -0.4483361128679E-01    6     0 1  1 1  3 0
 -4.483361128678992E-002
   196   0.7500014688003        6     0 2  0 0  4 0
  0.750001468800318     
   197   0.9529194976650E-12    6     0 0  1 5  0 0
  9.529194976649578E-013
   198  -0.1709532192775E-07    6     1 0  0 4  1 0
 -1.709532192774576E-008
   199  -0.2346172846554E-08    6     0 1  0 4  1 0
 -2.346172846554051E-009
   200   0.5632909288622E-04    6     0 0  1 3  2 0
  5.632909288621998E-005
   201  -0.2241680564339E-01    6     1 0  0 2  3 0
 -2.241680564339496E-002
   202  -0.1007755854441E-01    6     0 1  0 2  3 0
 -1.007755854441116E-002
   203   0.2181918860125E-13    6     0 0  0 6  0 0
  2.181918860124711E-014
   204   0.3368849145295E-05    6     0 0  0 4  2 0
  3.368849145295077E-006
   205   0.7500014688003        6     0 0  0 2  4 0
  0.750001468800318     
   206   0.2741763099889E-06    6     0 0  0 0  6 0
  2.741763099889382E-007
                                      
