
 etall    1, NO =   10, NV =    6, INA =   21
 *********************************************

    I  COEFFICIENT          ORDER   EXPONENTS
     1    1.000000000000        1     1 0  0 0  0 0
   1.00000000000000     
                                      

 etall    1, NO =   10, NV =    6, INA =   25
 *********************************************

    I  COEFFICIENT          ORDER   EXPONENTS
     1  -0.2000000000000        1     1 0  0 0  0 0
 -0.200000000000000     
     2    1.000000000000        1     0 1  0 0  0 0
   1.00000000000000     
     3  -0.1500000000000        2     2 0  0 0  0 0
 -0.150000000000000     
     4   0.1500000000000        2     0 0  2 0  0 0
  0.150000000000000     
     5  -0.6666666666667E-01    3     3 0  0 0  0 0
 -6.666666666666667E-002
     6   0.2000000000000        3     1 0  2 0  0 0
  0.200000000000000     
     7  -0.2083333333333E-01    4     4 0  0 0  0 0
 -2.083333333333333E-002
     8   0.1250000000000        4     2 0  2 0  0 0
  0.125000000000000     
     9  -0.2083333333333E-01    4     0 0  4 0  0 0
 -2.083333333333333E-002
                                      

 etall    1, NO =   10, NV =    6, INA =   26
 *********************************************

    I  COEFFICIENT          ORDER   EXPONENTS
     1    1.000000000000        1     0 0  1 0  0 0
   1.00000000000000     
                                      

 etall    1, NO =   10, NV =    6, INA =   27
 *********************************************

    I  COEFFICIENT          ORDER   EXPONENTS
     1   0.2000000000000        1     0 0  1 0  0 0
  0.200000000000000     
     2    1.000000000000        1     0 0  0 1  0 0
   1.00000000000000     
     3   0.3000000000000        2     1 0  1 0  0 0
  0.300000000000000     
     4   0.2000000000000        3     2 0  1 0  0 0
  0.200000000000000     
     5  -0.6666666666667E-01    3     0 0  3 0  0 0
 -6.666666666666667E-002
     6   0.8333333333333E-01    4     3 0  1 0  0 0
  8.333333333333333E-002
     7  -0.8333333333333E-01    4     1 0  3 0  0 0
 -8.333333333333333E-002
                                      

 etall    1, NO =   10, NV =    6, INA =   28
 *********************************************

    I  COEFFICIENT          ORDER   EXPONENTS
     1    1.000000000000        1     0 0  0 0  1 0
   1.00000000000000     
                                      

 etall    1, NO =   10, NV =    6, INA =   29
 *********************************************

    I  COEFFICIENT          ORDER   EXPONENTS
     1    1.000000000000        1     0 0  0 0  0 1
   1.00000000000000     
                                      
