
 etall    1, NO =    5, NV =    5, INA =   16
 *********************************************

    I  COEFFICIENT          ORDER   EXPONENTS
     1  -.92329212155597E-02    1     1 0  0 0  0
 -9.232921215559742E-03
     2  0.27062891390568        1     0 1  0 0  0
 0.2706289139056821
     3  -.17890689666712E-07    1     0 0  0 0  1
 -1.789068966671220E-08
     4   51.737663332074        2     2 0  0 0  0
 51.73766333207413
     5   8408.7178741203        2     1 1  0 0  0
 8408.717874120339
     6   278112.27723178        2     0 2  0 0  0
 278112.2772317827
     7  -1647.7712411728        2     0 0  2 0  0
 -1647.771241172832
     8   3454.0295063070        2     0 0  1 1  0
 3454.029506306979
     9  -.23277992543348        2     1 0  0 0  1
 -0.2327799254334764
    10   17.153210475950        2     0 1  0 0  1
 17.15321047594989
    11   39445.006957663        2     0 0  0 2  0
 39445.00695766322
    12  -.20476099166099E-03    2     0 0  0 0  2
 -2.047609916609851E-04
    13   2679972.5082832        3     3 0  0 0  0
 2679972.508283232
    14   940143162.96893        3     2 1  0 0  0
 940143162.9689312
    15   109979229124.84        3     1 2  0 0  0
 109979229124.8351
    16   4289281904116.1        3     0 3  0 0  0
 4289281904116.094
    17   131666781.39177        3     1 0  2 0  0
 131666781.3917673
    18   16904587470.343        3     0 1  2 0  0
 16904587470.34289
    19  -152621169.33238        3     1 0  1 1  0
 -152621169.3323822
    20  -43483751188.970        3     0 1  1 1  0
 -43483751188.96991
    21   16470.235078391        3     2 0  0 0  1
 16470.23507839069
    22   1766805.0773747        3     1 1  0 0  1
 1766805.077374704
    23   52142318.508801        3     0 2  0 0  1
 52142318.50880051
    24   237741.51510598        3     0 0  2 0  1
 237741.5151059774
    25  -302792040.34358        3     1 0  0 2  0
 -302792040.3435841
    26   10842946127.881        3     0 1  0 2  0
 10842946127.88110
    27   3181441.0007255        3     0 0  1 1  1
 3181441.000725508
    28   5.5173837556490        3     1 0  0 0  2
 5.517383755649007
    29   1928.3675510623        3     0 1  0 0  2
 1928.367551062256
    30  -7254553.2048140        3     0 0  0 2  1
 -7254553.204813957
    31  0.54836502334143E-02    3     0 0  0 0  3
 5.483650233414350E-03
    32   11791831845.373        4     4 0  0 0  0
 11791831845.37255
    33   5449502608661.0        4     3 1  0 0  0
 5449502608660.969
    34  0.94635611336705E+15    4     2 2  0 0  0
 946356113367054.5
    35  0.73196474721712E+17    4     1 3  0 0  0
 7.319647472171200E+16
    36  0.21276571864497E+19    4     0 4  0 0  0
 2.127657186449674E+18
    37   30223526035039.        4     2 0  2 0  0
 30223526035038.67
    38  0.70099958332849E+16    4     1 1  2 0  0
 7009995833284906.
    39  0.40610231292126E+18    4     0 2  2 0  0
 4.061023129212562E+17
    40  -.20727355447913E+16    4     0 0  4 0  0
 -2072735544791293.
    41  -.15572087158133E+15    4     2 0  1 1  0
 -155720871581328.4
    42  -.34716459777246E+17    4     1 1  1 1  0
 -3.471645977724609E+16
    43  -.19189916902259E+19    4     0 2  1 1  0
 -1.918991690225933E+18
    44  0.17130898675380E+17    4     0 0  3 1  0
 1.713089867538048E+16
    45   2030525556.2206        4     3 0  0 0  1
 2030525556.220556
    46   556830881136.72        4     2 1  0 0  1
 556830881136.7155
    47   46910052747774.        4     1 2  0 0  1
 46910052747773.88
    48  0.11180457154278E+16    4     0 3  0 0  1
 1118045715427813.
    49   146752472521.15        4     1 0  2 0  1
 146752472521.1494
    50   14028448113881.        4     0 1  2 0  1
 14028448113881.49
    51  0.19435862794652E+15    4     2 0  0 2  0
 194358627946518.1
    52  0.44395191485814E+17    4     1 1  0 2  0
 4.439519148581430E+16
    53  0.24561190410206E+19    4     0 2  0 2  0
 2.456119041020598E+18
    54  -.53316557685444E+17    4     0 0  2 2  0
 -5.331655768544447E+16
    55  -1005781074412.0        4     1 0  1 1  1
 -1005781074412.012
    56  -.10603893638886E+15    4     0 1  1 1  1
 -106038936388857.4
    57  -912423.14427136        4     2 0  0 0  2
 -912423.1442713588
    58  -657707298.52427        4     1 1  0 0  2
 -657707298.5242729
    59  -50483295639.406        4     0 2  0 0  2
 -50483295639.40648
    60   162945051.61292        4     0 0  2 0  2
 162945051.6129247
    61  0.77845842128425E+17    4     0 0  1 3  0
 7.784584212842454E+16
    62   1001741655987.3        4     1 0  0 2  1
 1001741655987.281
    63  0.13044902928540E+15    4     0 1  0 2  1
 130449029285401.4
    64  -1151506067.6071        4     0 0  1 1  2
 -1151506067.607107
    65   1712.8365983048        4     1 0  0 0  3
 1712.836598304828
    66  -23803.691914586        4     0 1  0 0  3
 -23803.69191458635
    67  -.48242117474871E+17    4     0 0  0 4  0
 -4.824211747487062E+16
    68  -796850853.18672        4     0 0  0 2  2
 -796850853.1867218
    69  0.20826172283091        4     0 0  0 0  4
 0.2082617228309118
    70  -76523482439300.        5     5 0  0 0  0
 -76523482439300.08
    71  -.45288716987080E+17    5     4 1  0 0  0
 -4.528871698707976E+16
    72  -.10706991928094E+20    5     3 2  0 0  0
 -1.070699192809449E+19
    73  -.12640577250253E+22    5     2 3  0 0  0
 -1.264057725025310E+21
    74  -.74526726353955E+23    5     1 4  0 0  0
 -7.452672635395467E+22
    75  -.17555411113308E+25    5     0 5  0 0  0
 -1.755541111330758E+24
    76  0.33321618637956E+18    5     3 0  2 0  0
 3.332161863795588E+17
    77  0.95785900654495E+20    5     2 1  2 0  0
 9.578590065449455E+19
    78  0.87342669526032E+22    5     1 2  2 0  0
 8.734266952603230E+21
    79  0.24437143663996E+24    5     0 3  2 0  0
 2.443714366399642E+23
    80  -.41745876962709E+20    5     1 0  4 0  0
 -4.174587696270851E+19
    81  -.18948619799840E+22    5     0 1  4 0  0
 -1.894861979983985E+21
    82  -.71017120674105E+19    5     3 0  1 1  0
 -7.101712067410461E+18
    83  -.20678727475543E+22    5     2 1  1 1  0
 -2.067872747554287E+21
    84  -.19240516218568E+24    5     1 2  1 1  0
 -1.924051621856766E+23
    85  -.55785794660566E+25    5     0 3  1 1  0
 -5.578579466056612E+24
    86  0.11305582588129E+22    5     1 0  3 1  0
 1.130558258812890E+21
    87  0.60082276443908E+23    5     0 1  3 1  0
 6.008227644390837E+22
    88   8038055626964.1        5     4 0  0 0  1
 8038055626964.139
    89  0.28227229448753E+16    5     3 1  0 0  1
 2822722944875257.
    90  0.33443742067689E+18    5     2 2  0 0  1
 3.344374206768908E+17
    91  0.13751736822680E+20    5     1 3  0 0  1
 1.375173682268022E+19
    92  0.45508047504166E+20    5     0 4  0 0  1
 4.550804750416635E+19
    93  0.53831868784404E+16    5     2 0  2 0  1
 5383186878440437.
    94  -.39255996076156E+16    5     1 1  2 0  1
 -3925599607615600.
    95  -.72719454176128E+20    5     0 2  2 0  1
 -7.271945417612752E+19
    96  0.21222138358159E+18    5     0 0  4 0  1
 2.122213835815900E+17
    97  0.14873764641494E+20    5     3 0  0 2  0
 1.487376464149450E+19
    98  0.42602032779311E+22    5     2 1  0 2  0
 4.260203277931057E+21
    99  0.39131627501648E+24    5     1 2  0 2  0
 3.913162750164775E+23
   100  0.11294976938378E+26    5     0 3  0 2  0
 1.129497693837806E+25
   101  -.57135875056576E+22    5     1 0  2 2  0
 -5.713587505657626E+21
   102  -.29760138048136E+24    5     0 1  2 2  0
 -2.976013804813592E+23
   103  -.12342068754086E+18    5     2 0  1 1  1
 -1.234206875408564E+17
   104  -.21179888623609E+20    5     1 1  1 1  1
 -2.117988862360913E+19
   105  -.82892395792185E+21    5     0 2  1 1  1
 -8.289239579218461E+20
   106  0.83906176625202E+19    5     0 0  3 1  1
 8.390617662520208E+18
   107   435271223158.79        5     3 0  0 0  2
 435271223158.7857
   108   49428145231000.        5     2 1  0 0  2
 49428145230999.76
   109  -.32870863908486E+16    5     1 2  0 0  2
 -3287086390848589.
   110  -.36405318101571E+18    5     0 3  0 0  2
 -3.640531810157142E+17
   111   5555294074158.5        5     1 0  2 0  2
 5555294074158.463
   112  -.19842816539693E+16    5     0 1  2 0  2
 -1984281653969300.
   113  0.10297701624214E+23    5     1 0  1 3  0
 1.029770162421379E+22
   114  0.49120664205842E+24    5     0 1  1 3  0
 4.912066420584168E+23
   115  0.28420384034127E+18    5     2 0  0 2  1
 2.842038403412663E+17
   116  0.52906152750335E+20    5     1 1  0 2  1
 5.290615275033505E+19
   117  0.23705164106352E+22    5     0 2  0 2  1
 2.370516410635207E+21
   118  -.56971758451803E+20    5     0 0  2 2  1
 -5.697175845180311E+19
   119  -.41726371858032E+15    5     1 0  1 1  2
 -417263718580324.2
   120  -.28341383932012E+17    5     0 1  1 1  2
 -2.834138393201242E+16
   121  -515065829.23689        5     2 0  0 0  3
 -515065829.2368928
   122  -39960452140.869        5     1 1  0 0  3
 -39960452140.86853
   123   5371040835765.5        5     0 2  0 0  3
 5371040835765.520
   124  -10928562736.278        5     0 0  2 0  3
 -10928562736.27807
   125  -.64081899022880E+22    5     1 0  0 4  0
 -6.408189902288027E+21
   126  -.25708989622072E+24    5     0 1  0 4  0
 -2.570898962207244E+23
   127  0.11960376678758E+21    5     0 0  1 3  1
 1.196037667875818E+20
   128  0.10934819417234E+16    5     1 0  0 2  2
 1093481941723358.
   129  0.96580157782447E+17    5     0 1  0 2  2
 9.658015778244666E+16
   130  -347184274858.31        5     0 0  1 1  3
 -347184274858.3074
   131   57577.213780371        5     1 0  0 0  4
 57577.21378037054
   132  -3263284.7421834        5     0 1  0 0  4
 -3263284.742183387
   133  -.85838989993750E+20    5     0 0  0 4  1
 -8.583898999375033E+19
   134   975286578441.94        5     0 0  0 2  3
 975286578441.9443
   135  -16.911295450265        5     0 0  0 0  5
 -16.91129545026513
                                      

 etall    1, NO =    5, NV =    5, INA =   20
 *********************************************

    I  COEFFICIENT          ORDER   EXPONENTS
     1  -.73864417515788        1     1 0  0 0  0
 -0.7386441751578824
     2  -86.657463050565        1     0 1  0 0  0
 -86.65746305056550
     3  0.14440846867564E-02    1     0 0  0 0  1
 1.444084686756404E-03
     4  -1040.8327861457        2     2 0  0 0  0
 -1040.832786145698
     5  -237465.46457546        2     1 1  0 0  0
 -237465.4645754569
     6  -13731358.934053        2     0 2  0 0  0
 -13731358.93405267
     7   5003.2281895526        2     0 0  2 0  0
 5003.228189552621
     8   246791.00193917        2     0 0  1 1  0
 246791.0019391699
     9  -75.317864579679        2     1 0  0 0  1
 -75.31786457967875
    10   5764.7441623071        2     0 1  0 0  1
 5764.744162307082
    11  -2657532.1550406        2     0 0  0 2  0
 -2657532.155040646
    12  0.34091457818343E-02    2     0 0  0 0  2
 3.409145781834339E-03
    13  -2346328.2630429        3     3 0  0 0  0
 -2346328.263042882
    14  -806928785.14986        3     2 1  0 0  0
 -806928785.1498632
    15  -92976669397.795        3     1 2  0 0  0
 -92976669397.79482
    16  -3590111550804.9        3     0 3  0 0  0
 -3590111550804.898
    17   237927040.58430        3     1 0  2 0  0
 237927040.5843033
    18   17795349713.367        3     0 1  2 0  0
 17795349713.36698
    19  -3021250290.2362        3     1 0  1 1  0
 -3021250290.236174
    20  -146108444682.31        3     0 1  1 1  0
 -146108444682.3141
    21  -213724.67047361        3     2 0  0 0  1
 -213724.6704736111
    22  -12238515.049974        3     1 1  0 0  1
 -12238515.04997399
    23   1520012291.8914        3     0 2  0 0  1
 1520012291.891350
    24  -386556.10492978        3     0 0  2 0  1
 -386556.1049297809
    25   643987471.32303        3     1 0  0 2  0
 643987471.3230262
    26  -406561155260.21        3     0 1  0 2  0
 -406561155260.2104
    27  -72674219.305430        3     0 0  1 1  1
 -72674219.30543020
    28   810.08037913751        3     1 0  0 0  2
 810.0803791375142
    29   73330.017565797        3     0 1  0 0  2
 73330.01756579745
    30   395109499.53263        3     0 0  0 2  1
 395109499.5326335
    31  0.42351384446720        3     0 0  0 0  3
 0.4235138444672011
    32  -7226509045.9943        4     4 0  0 0  0
 -7226509045.994330
    33  -3333965241883.3        4     3 1  0 0  0
 -3333965241883.260
    34  -.57853892953057E+15    4     2 2  0 0  0
 -578538929530566.9
    35  -.44753479364438E+17    4     1 3  0 0  0
 -4.475347936443795E+16
    36  -.13021677161433E+19    4     0 4  0 0  0
 -1.302167716143319E+18
    37   7162458743241.2        4     2 0  2 0  0
 7162458743241.224
    38  0.15618426480532E+16    4     1 1  2 0  0
 1561842648053188.
    39  0.86223965768387E+17    4     0 2  2 0  0
 8.622396576838710E+16
    40  -.36031913065053E+15    4     0 0  4 0  0
 -360319130650529.7
    41  -60935363415605.        4     2 0  1 1  0
 -60935363415604.82
    42  -.10909616954430E+17    4     1 1  1 1  0
 -1.090961695443025E+16
    43  -.50021427511090E+18    4     0 2  1 1  0
 -5.002142751108964E+17
    44  0.26453571294043E+16    4     0 0  3 1  0
 2645357129404346.
    45  -532059497.17504        4     3 0  0 0  1
 -532059497.1750400
    46  -54036012767.164        4     2 1  0 0  1
 -54036012767.16382
    47   8866918968842.8        4     1 2  0 0  1
 8866918968842.838
    48  0.93518998802981E+15    4     0 3  0 0  1
 935189988029814.0
    49  -3381237560.0571        4     1 0  2 0  1
 -3381237560.057147
    50  -276183427641.46        4     0 1  2 0  1
 -276183427641.4583
    51  0.20611594317829E+15    4     2 0  0 2  0
 206115943178291.3
    52  0.26629230182990E+17    4     1 1  0 2  0
 2.662923018298990E+16
    53  0.84551780308498E+18    4     0 2  0 2  0
 8.455178030849755E+17
    54  -.21997791584276E+16    4     0 0  2 2  0
 -2199779158427611.
    55   16466650409.654        4     1 0  1 1  1
 16466650409.65406
    56  -17914198055373.        4     0 1  1 1  1
 -17914198055372.86
    57  -12597542.356958        4     2 0  0 0  2
 -12597542.35695771
    58   1708009738.9818        4     1 1  0 0  2
 1708009738.981836
    59  -1678976012.2888        4     0 2  0 0  2
 -1678976012.288821
    60  -21800414.270434        4     0 0  2 0  2
 -21800414.27043400
    61  -.36033362409204E+17    4     0 0  1 3  0
 -3.603336240920386E+16
    62   3099092648007.6        4     1 0  0 2  1
 3099092648007.636
    63  0.32459131634896E+15    4     0 1  0 2  1
 324591316348960.9
    64   3892715354.1879        4     0 0  1 1  2
 3892715354.187901
    65   30438.318846395        4     1 0  0 0  3
 30438.31884639454
    66  -3050868.1402453        4     0 1  0 0  3
 -3050868.140245301
    67  0.61644661968612E+17    4     0 0  0 4  0
 6.164466196861235E+16
    68   25455222815.532        4     0 0  0 2  2
 25455222815.53167
    69  -85.105873930061        4     0 0  0 0  4
 -85.10587393006111
    70  -18742064964536.        5     5 0  0 0  0
 -18742064964535.91
    71  -.10691010647465E+17    5     4 1  0 0  0
 -1.069101064746490E+16
    72  -.24452565971713E+19    5     3 2  0 0  0
 -2.445256597171346E+18
    73  -.28034084175463E+21    5     2 3  0 0  0
 -2.803408417546335E+20
    74  -.16112072562471E+23    5     1 4  0 0  0
 -1.611207256247134E+22
    75  -.37141665249614E+24    5     0 5  0 0  0
 -3.714166524961414E+23
    76  0.69492376096272E+17    5     3 0  2 0  0
 6.949237609627246E+16
    77  0.19962064504653E+20    5     2 1  2 0  0
 1.996206450465323E+19
    78  0.18228860332729E+22    5     1 2  2 0  0
 1.822886033272870E+21
    79  0.51378133781492E+23    5     0 3  2 0  0
 5.137813378149206E+22
    80  -.73094594576010E+19    5     1 0  4 0  0
 -7.309459457601002E+18
    81  -.32785048852519E+21    5     0 1  4 0  0
 -3.278504885251941E+20
    82  -.14784116578629E+19    5     3 0  1 1  0
 -1.478411657862882E+18
    83  -.42635030785731E+21    5     2 1  1 1  0
 -4.263503078573109E+20
    84  -.39256975339097E+23    5     1 2  1 1  0
 -3.925697533909670E+22
    85  -.11270467051709E+25    5     0 3  1 1  0
 -1.127046705170861E+24
    86  0.19492025006948E+21    5     1 0  3 1  0
 1.949202500694798E+20
    87  0.10199162672545E+23    5     0 1  3 1  0
 1.019916267254522E+22
    88  -2390151641962.8        5     4 0  0 0  1
 -2390151641962.781
    89  -.57192883312659E+15    5     3 1  0 0  1
 -571928833126590.4
    90  -.61340969264465E+16    5     2 2  0 0  1
 -6134096926446530.
    91  0.68076322213497E+19    5     1 3  0 0  1
 6.807632221349673E+18
    92  0.41235061068986E+21    5     0 4  0 0  1
 4.123506106898585E+20
    93  0.98554806221307E+15    5     2 0  2 0  1
 985548062213071.1
    94  -.20956650735373E+17    5     1 1  2 0  1
 -2.095665073537329E+16
    95  -.15006242436240E+20    5     0 2  2 0  1
 -1.500624243624044E+19
    96  0.35267666848903E+17    5     0 0  4 0  1
 3.526766684890288E+16
    97  0.35128078785180E+19    5     3 0  0 2  0
 3.512807878517988E+18
    98  0.96808264307239E+21    5     2 1  0 2  0
 9.680826430723904E+20
    99  0.84873773981798E+23    5     1 2  0 2  0
 8.487377398179770E+22
   100  0.23289849698923E+25    5     0 3  0 2  0
 2.328984969892300E+24
   101  -.88853091658608E+21    5     1 0  2 2  0
 -8.885309165860774E+20
   102  -.43293219477345E+23    5     0 1  2 2  0
 -4.329321947734472E+22
   103  -.21279171211415E+17    5     2 0  1 1  1
 -2.127917121141514E+16
   104  -.35354363974437E+19    5     1 1  1 1  1
 -3.535436397443668E+18
   105  -.14152356611832E+21    5     0 2  1 1  1
 -1.415235661183155E+20
   106  0.15759257609030E+19    5     0 0  3 1  1
 1.575925760902967E+18
   107  -17624371895.103        5     3 0  0 0  2
 -17624371895.10326
   108   11183235037610.        5     2 1  0 0  2
 11183235037609.90
   109  0.83782007258830E+15    5     1 2  0 0  2
 837820072588296.2
   110  -.84176142632060E+17    5     0 3  0 0  2
 -8.417614263205954E+16
   111   1730411501957.7        5     1 0  2 0  2
 1730411501957.704
   112  -.22448622672179E+15    5     0 1  2 0  2
 -224486226721791.5
   113  0.59564987017370E+21    5     1 0  1 3  0
 5.956498701736963E+20
   114  0.16375370329000E+22    5     0 1  1 3  0
 1.637537032899958E+21
   115  0.37204799184091E+17    5     2 0  0 2  1
 3.720479918409095E+16
   116  0.81632107883493E+19    5     1 1  0 2  1
 8.163210788349338E+18
   117  0.45209706912978E+21    5     0 2  0 2  1
 4.520970691297818E+20
   118  -.11127314054031E+20    5     0 0  2 2  1
 -1.112731405403059E+19
   119  -65497310303389.        5     1 0  1 1  2
 -65497310303389.20
   120  -.27306556974331E+16    5     0 1  1 1  2
 -2730655697433068.
   121   28256039.011893        5     2 0  0 0  3
 28256039.01189276
   122   46307164679.297        5     1 1  0 0  3
 46307164679.29749
   123  -2681980467040.9        5     0 2  0 0  3
 -2681980467040.855
   124   13377745089.170        5     0 0  2 0  3
 13377745089.16995
   125  0.34033047002147E+22    5     1 0  0 4  0
 3.403304700214749E+21
   126  0.23570012449725E+24    5     0 1  0 4  0
 2.357001244972530E+23
   127  0.21668181709278E+20    5     0 0  1 3  1
 2.166818170927792E+19
   128  -87960587761101.        5     1 0  0 2  2
 -87960587761100.58
   129  -.12723139944109E+17    5     0 1  0 2  2
 -1.272313994410869E+16
   130  -110443998332.72        5     0 0  1 1  3
 -110443998332.7245
   131  -412535.42302386        5     1 0  0 0  4
 -412535.4230238613
   132  -19117773.089887        5     0 1  0 0  4
 -19117773.08988707
   133  0.21061107845318E+20    5     0 0  0 4  1
 2.106110784531767E+19
   134  -1874724335567.6        5     0 0  0 2  3
 -1874724335567.564
   135   128.32892337273        5     0 0  0 0  5
 128.3289233727286
                                      

 etall    1, NO =    5, NV =    5, INA =   21
 *********************************************

    I  COEFFICIENT          ORDER   EXPONENTS
     1  -.48911634917204E-03    1     0 0  1 0  0
 -4.891163491720363E-04
     2  -.38750094551943E-01    1     0 0  0 1  0
 -3.875009455194345E-02
     3   98.040225086734        2     1 0  1 0  0
 98.04022508673370
     4   11140.513717916        2     0 1  1 0  0
 11140.51371791586
     5   41.937271142378        2     1 0  0 1  0
 41.93727114237845
     6  -11546.401190281        2     0 1  0 1  0
 -11546.40119028091
     7  0.24120993232282        2     0 0  1 0  1
 0.2412099323228176
     8  -.88709590127110        2     0 0  0 1  1
 -0.8870959012710955
     9  -3649747.7832637        3     2 0  1 0  0
 -3649747.783263683
    10  -915404712.84650        3     1 1  1 0  0
 -915404712.8464966
    11  -56586928601.457        3     0 2  1 0  0
 -56586928601.45703
    12   970588091.40045        3     0 0  3 0  0
 970588091.4004498
    13  -4453347.7740135        3     2 0  0 1  0
 -4453347.774013519
    14  -120076347.38867        3     1 1  0 1  0
 -120076347.3886719
    15   37308271522.375        3     0 2  0 1  0
 37308271522.37500
    16  -6026069973.5477        3     0 0  2 1  0
 -6026069973.547729
    17  -425.26400979608        3     1 0  1 0  1
 -425.2640097960830
    18  -2051193.2198188        3     0 1  1 0  1
 -2051193.219818830
    19   12208684664.281        3     0 0  1 2  0
 12208684664.28125
    20  -156350.49762487        3     1 0  0 1  1
 -156350.4976248741
    21  -11717798.910782        3     0 1  0 1  1
 -11717798.91078186
    22  -19.234455734957        3     0 0  1 0  2
 -19.23445573495701
    23  -5345964772.0937        3     0 0  0 3  0
 -5345964772.093750
    24  -393.10045879934        3     0 0  0 1  2
 -393.1004587993375
    25  -593538690802.61        4     3 0  1 0  0
 -593538690802.6094
    26  -.20787189332912E+15    4     2 1  1 0  0
 -207871893329117.5
    27  -.24267171733117E+17    4     1 2  1 0  0
 -2.426717173311744E+16
    28  -.94431928949093E+18    4     0 3  1 0  0
 -9.443192894909317E+17
    29  0.25725175526110E+15    4     1 0  3 0  0
 257251755261095.9
    30  0.29204775223415E+17    4     0 1  3 0  0
 2.920477522341549E+16
    31   1656845923675.7        4     3 0  0 1  0
 1656845923675.656
    32  0.55614931025221E+15    4     2 1  0 1  0
 556149310252208.0
    33  0.62048372084579E+17    4     1 2  0 1  0
 6.204837208457933E+16
    34  0.23000987050688E+19    4     0 3  0 1  0
 2.300098705068786E+18
    35  -.18788115080589E+16    4     1 0  2 1  0
 -1878811508058908.
    36  -.19757526135515E+18    4     0 1  2 1  0
 -1.975752613551493E+17
    37  -4796366230.8410        4     2 0  1 0  1
 -4796366230.841034
    38  -965876827232.44        4     1 1  1 0  1
 -965876827232.4375
    39  -46459784136838.        4     0 2  1 0  1
 -46459784136838.00
    40  -649479003692.80        4     0 0  3 0  1
 -649479003692.8037
    41  0.44715464068866E+16    4     1 0  1 2  0
 4471546406886576.
    42  0.44201680063076E+18    4     0 1  1 2  0
 4.420168006307635E+17
    43   15477246000.670        4     2 0  0 1  1
 15477246000.66992
    44   3545598549426.6        4     1 1  0 1  1
 3545598549426.625
    45  0.18981160066947E+15    4     0 2  0 1  1
 189811600669473.1
    46   455783751410.86        4     0 0  2 1  1
 455783751410.8594
    47  -11027270.746443        4     1 0  1 0  2
 -11027270.74644297
    48  -1048129043.2006        4     0 1  1 0  2
 -1048129043.200593
    49  -.36246263770040E+16    4     1 0  0 3  0
 -3624626377004000.
    50  -.34068159270728E+18    4     0 1  0 3  0
 -3.406815927072809E+17
    51   6474019467576.2        4     0 0  1 2  1
 6474019467576.250
    52   24701944.112144        4     1 0  0 1  2
 24701944.11214447
    53   4685248608.6831        4     0 1  0 1  2
 4685248608.683105
    54   6021.6628275067        4     0 0  1 0  3
 6021.662827506661
    55  -10006775074560.        4     0 0  0 3  1
 -10006775074560.00
    56   8261.4291500449        4     0 0  0 1  3
 8261.429150044918
    57  -.47437600000566E+16    5     4 0  1 0  0
 -4743760000056620.
    58  -.20084182057012E+19    5     3 1  1 0  0
 -2.008418205701250E+18
    59  -.31535762826222E+21    5     2 2  1 0  0
 -3.153576282622214E+20
    60  -.21704054952957E+23    5     1 3  1 0  0
 -2.170405495295692E+22
    61  -.55022501843306E+24    5     0 4  1 0  0
 -5.502250184330556E+23
    62  0.39722062974696E+19    5     2 0  3 0  0
 3.972206297469565E+18
    63  0.65827458173052E+21    5     1 1  3 0  0
 6.582745817305165E+20
    64  0.22892247215747E+23    5     0 2  3 0  0
 2.289224721574744E+22
    65  -.12923340908511E+19    5     0 0  5 0  0
 -1.292334090851064E+18
    66  0.65031866135908E+17    5     4 0  0 1  0
 6.503186613590816E+16
    67  0.26871991560717E+20    5     3 1  0 1  0
 2.687199156071739E+19
    68  0.40843910348282E+22    5     2 2  0 1  0
 4.084391034828240E+21
    69  0.26879906116179E+24    5     1 3  0 1  0
 2.687990611617943E+23
    70  0.63905380516869E+25    5     0 4  0 1  0
 6.390538051686894E+24
    71  -.97538592068347E+20    5     2 0  2 1  0
 -9.753859206834702E+19
    72  -.16674418028506E+23    5     1 1  2 1  0
 -1.667441802850612E+22
    73  -.62621234730420E+24    5     0 2  2 1  0
 -6.262123473042016E+23
    74  -.10710706436006E+21    5     0 0  4 1  0
 -1.071070643600621E+20
    75  -.18348268020733E+15    5     3 0  1 0  1
 -183482680207333.5
    76  -.28198314101130E+17    5     2 1  1 0  1
 -2.819831410112986E+16
    77  0.91871684394973E+18    5     1 2  1 0  1
 9.187168439497277E+17
    78  0.19963244000923E+21    5     0 3  1 0  1
 1.996324400092309E+20
    79  -.47013867030485E+16    5     1 0  3 0  1
 -4701386703048512.
    80  -.45934185593789E+19    5     0 1  3 0  1
 -4.593418559378895E+18
    81  0.37406623029239E+21    5     2 0  1 2  0
 3.740662302923851E+20
    82  0.62338802707199E+23    5     1 1  1 2  0
 6.233880270719934E+22
    83  0.23087144101023E+25    5     0 2  1 2  0
 2.308714410102332E+24
    84  0.21586824198354E+22    5     0 0  3 2  0
 2.158682419835357E+21
    85  0.15321632626020E+16    5     3 0  0 1  1
 1532163262601964.
    86  0.41953003341787E+18    5     2 1  0 1  1
 4.195300334178719E+17
    87  0.36241744860018E+20    5     1 2  0 1  1
 3.624174486001785E+19
    88  0.95217861006318E+21    5     0 3  0 1  1
 9.521786100631795E+20
    89  -.69970385725592E+18    5     1 0  2 1  1
 -6.997038572559220E+17
    90  -.65270167213232E+20    5     0 1  2 1  1
 -6.527016721323195E+19
    91  -744081029372.55        5     2 0  1 0  2
 -744081029372.5488
    92   1534322953869.0        5     1 1  1 0  2
 1534322953869.000
    93  0.86601261303060E+16    5     0 2  1 0  2
 8660126130306016.
    94   37266192411732.        5     0 0  3 0  2
 37266192411731.89
    95  -.38493045050220E+21    5     2 0  0 3  0
 -3.849304505021969E+20
    96  -.62007804523089E+23    5     1 1  0 3  0
 -6.200780452308880E+22
    97  -.22236733561967E+25    5     0 2  0 3  0
 -2.223673356196674E+24
    98  -.13280199857703E+23    5     0 0  2 3  0
 -1.328019985770332E+22
    99  0.36245276343413E+19    5     1 0  1 2  1
 3.624527634341268E+18
   100  0.36655416845635E+21    5     0 1  1 2  1
 3.665541684563497E+20
   101   8584600264476.0        5     2 0  0 1  2
 8584600264475.969
   102  0.13522638960776E+16    5     1 1  0 1  2
 1352263896077588.
   103  0.44558866085986E+17    5     0 2  0 1  2
 4.455886608598605E+16
   104  0.20717815249229E+16    5     0 0  2 1  2
 2071781524922944.
   105  -573740576.39693        5     1 0  1 0  3
 -573740576.3969288
   106   118206643452.66        5     0 1  1 0  3
 118206643452.6626
   107  0.31189417949503E+23    5     0 0  1 4  0
 3.118941794950292E+22
   108  -.44210183561690E+19    5     1 0  0 3  1
 -4.421018356169047E+18
   109  -.43185495823596E+21    5     0 1  0 3  1
 -4.318549582359576E+20
   110  -.46908035232547E+16    5     0 0  1 2  2
 -4690803523254712.
   111   13224273424.345        5     1 0  0 1  3
 13224273424.34546
   112   970660263516.60        5     0 1  0 1  3
 970660263516.6016
   113  -20267.697027281        5     0 0  1 0  4
 -20267.69702728093
   114  -.25037524230199E+23    5     0 0  0 5  0
 -2.503752423019861E+22
   115  0.60401842920864E+15    5     0 0  0 3  2
 604018429208640.0
   116  -8493330.7343998        5     0 0  0 1  4
 -8493330.734399796
                                      

 etall    1, NO =    5, NV =    5, INA =   22
 *********************************************

    I  COEFFICIENT          ORDER   EXPONENTS
     1   25.149823135853        1     0 0  1 0  0
 25.14982313585343
     2  -52.016203420036        1     0 0  0 1  0
 -52.01620342003642
     3   124567.00942699        2     1 0  1 0  0
 124567.0094269945
     4   5506593.3404474        2     0 1  1 0  0
 5506593.340447386
     5  -2713897.9368785        2     1 0  0 1  0
 -2713897.936878503
     6  -154802160.00870        2     0 1  0 1  0
 -154802160.0087002
     7  -625.85362734139        2     0 0  1 0  1
 -625.8536273413862
     8  -29621.596459801        2     0 0  0 1  1
 -29621.59645980098
     9  -726269495.63381        3     2 0  1 0  0
 -726269495.6338117
    10  -154908955421.51        3     1 1  1 0  0
 -154908955421.5065
    11  -8390633051671.4        3     0 2  1 0  0
 -8390633051671.443
    12   5167459863.6694        3     0 0  3 0  0
 5167459863.669407
    13   4924708334.4642        3     2 0  0 1  0
 4924708334.464191
    14   877814349807.87        3     1 1  0 1  0
 877814349807.8718
    15   38863316354335.        3     0 2  0 1  0
 38863316354334.84
    16  -309707314245.40        3     0 0  2 1  0
 -309707314245.3995
    17  -11668767.895758        3     1 0  1 0  1
 -11668767.89575798
    18  -565931031.20511        3     0 1  1 0  1
 -565931031.2051121
    19   5661514295664.8        3     0 0  1 2  0
 5661514295664.751
    20   163896539.73436        3     1 0  0 1  1
 163896539.7343582
    21   20005203328.260        3     0 1  0 1  1
 20005203328.26050
    22  -80782.904394205        3     0 0  1 0  2
 -80782.90439420521
    23  -34172332627324.        3     0 0  0 3  0
 -34172332627323.68
    24   115207.20398317        3     0 0  0 1  2
 115207.2039831745
    25  -3852952113481.8        4     3 0  1 0  0
 -3852952113481.782
    26  -.11663726227856E+16    4     2 1  1 0  0
 -1166372622785599.
    27  -.11462875053487E+18    4     1 2  1 0  0
 -1.146287505348721E+17
    28  -.36139049440344E+19    4     0 3  1 0  0
 -3.613904944034390E+18
    29   2254799848808.6        4     1 0  3 0  0
 2254799848808.577
    30  0.10876651435044E+16    4     0 1  3 0  0
 1087665143504450.
    31   57257425613767.        4     3 0  0 1  0
 57257425613767.20
    32  0.16913225378812E+17    4     2 1  0 1  0
 1.691322537881162E+16
    33  0.16008469258199E+19    4     1 2  0 1  0
 1.600846925819922E+18
    34  0.47437505238787E+20    4     0 3  0 1  0
 4.743750523878740E+19
    35  0.10089847625470E+16    4     1 0  2 1  0
 1008984762547049.
    36  0.95362591225915E+17    4     0 1  2 1  0
 9.536259122591531E+16
    37  -76775310068.385        4     2 0  1 0  1
 -76775310068.38478
    38   5326557527456.2        4     1 1  1 0  1
 5326557527456.249
    39  0.14754526968912E+16    4     0 2  1 0  1
 1475452696891241.
    40  -967493033871.92        4     0 0  3 0  1
 -967493033871.9243
    41  -.14633277497939E+17    4     1 0  1 2  0
 -1.463327749793873E+16
    42  -.15109075043085E+19    4     0 1  1 2  0
 -1.510907504308543E+18
    43   653399669125.20        4     2 0  0 1  1
 653399669125.1963
    44   42462598629779.        4     1 1  0 1  1
 42462598629778.65
    45  -59289524719667.        4     0 2  0 1  1
 -59289524719666.56
    46   39108700818394.        4     0 0  2 1  1
 39108700818394.21
    47  -121558080.06523        4     1 0  1 0  2
 -121558080.0652333
    48  -3305926595.2005        4     0 1  1 0  2
 -3305926595.200521
    49  0.65504640480458E+17    4     1 0  0 3  0
 6.550464048045782E+16
    50  0.66843539457322E+19    4     0 1  0 3  0
 6.684353945732170E+18
    51  -.49519279231240E+15    4     0 0  1 2  1
 -495192792312404.2
    52   15157801776.596        4     1 0  0 1  2
 15157801776.59644
    53  -407429681590.77        4     0 1  0 1  2
 -407429681590.7721
    54   5568131.0925467        4     0 0  1 0  3
 5568131.092546743
    55  0.19171548277308E+16    4     0 0  0 3  1
 1917154827730801.
    56  -51875260.210808        4     0 0  0 1  3
 -51875260.21080792
    57  -.41054684084510E+16    5     4 0  1 0  0
 -4105468408451042.
    58  -.16597325545875E+19    5     3 1  1 0  0
 -1.659732554587517E+18
    59  -.24712218624196E+21    5     2 2  1 0  0
 -2.471221862419567E+20
    60  -.15868670466224E+23    5     1 3  1 0  0
 -1.586867046622386E+22
    61  -.36262356105194E+24    5     0 4  1 0  0
 -3.626235610519364E+23
    62  0.34686152311478E+18    5     2 0  3 0  0
 3.468615231147763E+17
    63  0.54395754310726E+20    5     1 1  3 0  0
 5.439575431072566E+19
    64  0.13840277514668E+22    5     0 2  3 0  0
 1.384027751466764E+21
    65  -.80753505045556E+18    5     0 0  5 0  0
 -8.075350504555631E+17
    66  0.72155006342937E+17    5     4 0  0 1  0
 7.215500634293662E+16
    67  0.29415674108293E+20    5     3 1  0 1  0
 2.941567410829335E+19
    68  0.44212467438554E+22    5     2 2  0 1  0
 4.421246743855418E+21
    69  0.28708448757795E+24    5     1 3  0 1  0
 2.870844875779543E+23
    70  0.66558286367842E+25    5     0 4  0 1  0
 6.655828636784228E+24
    71  -.54715938795206E+18    5     2 0  2 1  0
 -5.471593879520630E+17
    72  0.21296484861231E+21    5     1 1  2 1  0
 2.129648486123123E+20
    73  0.41242525418712E+23    5     0 2  2 1  0
 4.124252541871201E+22
    74  0.27330756988498E+20    5     0 0  4 1  0
 2.733075698849791E+19
    75  -.63389805545993E+15    5     3 0  1 0  1
 -633898055459927.2
    76  -.25460440665696E+17    5     2 1  1 0  1
 -2.546044066569587E+16
    77  0.12867289654110E+20    5     1 2  1 0  1
 1.286728965410988E+19
    78  0.83425915262432E+21    5     0 3  1 0  1
 8.342591526243220E+20
    79  0.26676405330431E+16    5     1 0  3 0  1
 2667640533043102.
    80  0.10159970390864E+18    5     0 1  3 0  1
 1.015997039086434E+17
    81  -.16884317076350E+21    5     2 0  1 2  0
 -1.688431707634962E+20
    82  -.35733347120302E+23    5     1 1  1 2  0
 -3.573334712030231E+22
    83  -.19573577617515E+25    5     0 2  1 2  0
 -1.957357761751502E+24
    84  -.72672136511352E+21    5     0 0  3 2  0
 -7.267213651135201E+20
    85  0.10537020073549E+17    5     3 0  0 1  1
 1.053702007354948E+16
    86  0.68385098500222E+18    5     2 1  0 1  1
 6.838509850022198E+17
    87  -.14654475712821E+21    5     1 2  0 1  1
 -1.465447571282064E+20
    88  -.94676817503550E+22    5     0 3  0 1  1
 -9.467681750354953E+21
    89  -.17044387307119E+18    5     1 0  2 1  1
 -1.704438730711869E+17
    90  -.35713435001748E+20    5     0 1  2 1  1
 -3.571343500174764E+19
    91   2414318900408.9        5     2 0  1 0  2
 2414318900408.881
    92  0.12699582466887E+16    5     1 1  1 0  2
 1269958246688738.
    93  -.54519312135469E+17    5     0 2  1 0  2
 -5.451931213546916E+16
    94   40044527485575.        5     0 0  3 0  2
 40044527485574.56
    95  0.11081606411721E+22    5     2 0  0 3  0
 1.108160641172067E+21
    96  0.23503345019457E+24    5     1 1  0 3  0
 2.350334501945685E+23
    97  0.12439851555632E+26    5     0 2  0 3  0
 1.243985155563219E+25
    98  0.99297087994837E+22    5     0 0  2 3  0
 9.929708799483743E+21
    99  0.79611667463800E+18    5     1 0  1 2  1
 7.961166746380037E+17
   100  0.33139223930164E+21    5     0 1  1 2  1
 3.313922393016377E+20
   101   71771214515334.        5     2 0  0 1  2
 71771214515333.62
   102  0.35350990068440E+16    5     1 1  0 1  2
 3535099006844010.
   103  -.54544656513554E+18    5     0 2  0 1  2
 -5.454465651355376E+17
   104  0.37915478784037E+15    5     0 0  2 1  2
 379154787840368.9
   105   2355621818.8515        5     1 0  1 0  3
 2355621818.851509
   106  -867375063995.37        5     0 1  1 0  3
 -867375063995.3690
   107  -.62629699028461E+23    5     0 0  1 4  0
 -6.262969902846134E+22
   108  -.78320164712199E+18    5     1 0  0 3  1
 -7.832016471219939E+17
   109  -.98622175610773E+21    5     0 1  0 3  1
 -9.862217561077316E+20
   110  -.18971672153753E+17    5     0 0  1 2  2
 -1.897167215375333E+16
   111  -222974178942.17        5     1 0  0 1  3
 -222974178942.1723
   112   5458979875467.2        5     0 1  0 1  3
 5458979875467.192
   113  -24520637.003205        5     0 0  1 0  4
 -24520637.00320543
   114  0.17467037549528E+24    5     0 0  0 5  0
 1.746703754952800E+23
   115  0.15606493566952E+18    5     0 0  0 3  2
 1.560649356695240E+17
   116  -2118289075.3630        5     0 0  0 1  4
 -2118289075.362984
                                      

 etall    1, NO =    5, NV =    5, INA =   23
 *********************************************

    I  COEFFICIENT          ORDER   EXPONENTS
     1   1.0000000000000        1     0 0  0 0  1
 1.000000000000000
                                      

 etall    1, NO =    5, NV =    5, INA =   33
 *********************************************

    I  COEFFICIENT          ORDER   EXPONENTS
     1  -.28155255904494E-12    0     0 0  0 0  0
 -2.815525590449397E-13
     2  -.13346342470946E-04    1     1 0  0 0  0
 -1.334634247094599E-05
     3  0.38925980310162E-03    1     0 1  0 0  0
 3.892598031016241E-04
     4  -.46608018926257E-03    1     0 0  0 0  1
 -4.660801892625669E-04
     5  0.33642615377626        2     2 0  0 0  0
 0.3364261537762623
     6  -28.416652410503        2     1 1  0 0  0
 -28.41665241050308
     7   1924.6523899515        2     0 2  0 0  0
 1924.652389951503
     8  -5.2595661308528        2     0 0  2 0  0
 -5.259566130852818
     9   41.791035093422        2     0 0  1 1  0
 41.79103509342167
    10  -.70294601505252E-03    2     1 0  0 0  1
 -7.029460150525194E-04
    11  -.87690315174535E-02    2     0 1  0 0  1
 -8.769031517453452E-03
    12   607.76251458792        2     0 0  0 2  0
 607.7625145879183
    13  0.11442780267349E-02    2     0 0  0 0  2
 1.144278026734859E-03
    14   5823.6772084841        3     3 0  0 0  0
 5823.677208484105
    15   2038456.7679614        3     2 1  0 0  0
 2038456.767961437
    16   235845527.35958        3     1 2  0 0  0
 235845527.3595813
    17   9063170931.9706        3     0 3  0 0  0
 9063170931.970577
    18   277912.05376356        3     1 0  2 0  0
 277912.0537635554
    19   36608862.509709        3     0 1  2 0  0
 36608862.50970876
    20   635263.29926372        3     1 0  1 1  0
 635263.2992637157
    21  -87317745.814173        3     0 1  1 1  0
 -87317745.81417274
    22   20.303088349161        3     2 0  0 0  1
 20.30308834916065
    23   3955.9639192274        3     1 1  0 0  1
 3955.963919227418
    24   258550.69433888        3     0 2  0 0  1
 258550.6943388814
    25   857.38123035865        3     0 0  2 0  1
 857.3812303586456
    26  -13093529.939957        3     1 0  0 2  0
 -13093529.93995661
    27  -301383727.20510        3     0 1  0 2  0
 -301383727.2051048
    28   16677.482032728        3     0 0  1 1  1
 16677.48203272838
    29  -.24028827949527E-01    3     1 0  0 0  2
 -2.402882794952721E-02
    30   7.0332270433711        3     0 1  0 0  2
 7.033227043371095
    31  -36200.363125954        3     0 0  0 2  1
 -36200.36312595382
    32  -.93744271806262E-03    3     0 0  0 0  3
 -9.374427180626227E-04
    33   244460943.49032        4     4 0  0 0  0
 244460943.4903208
    34   114802235652.53        4     3 1  0 0  0
 114802235652.5276
    35   20222832994243.        4     2 2  0 0  0
 20222832994242.89
    36  0.15836648498121E+16    4     1 3  0 0  0
 1583664849812089.
    37  0.46518023114946E+17    4     0 4  0 0  0
 4.651802311494622E+16
    38   95070583589.515        4     2 0  2 0  0
 95070583589.51514
    39   22106088027176.        4     1 1  2 0  0
 22106088027176.41
    40  0.12859090598331E+16    4     0 2  2 0  0
 1285909059833057.
    41   633681067227.68        4     0 0  4 0  0
 633681067227.6754
    42  -465444255553.84        4     2 0  1 1  0
 -465444255553.8433
    43  -.10430471228953E+15    4     1 1  1 1  0
 -104304712289526.6
    44  -.58445339459369E+16    4     0 2  1 1  0
 -5844533945936916.
    45  -5221291205203.4        4     0 0  3 1  0
 -5221291205203.359
    46   2211245.2354628        4     3 0  0 0  1
 2211245.235462825
    47   426944859.19874        4     2 1  0 0  1
 426944859.1987426
    48   10024254076.976        4     1 2  0 0  1
 10024254076.97642
    49  -1120458919404.2        4     0 3  0 0  1
 -1120458919404.182
    50   464066454.20536        4     1 0  2 0  1
 464066454.2053576
    51   47064831672.867        4     0 1  2 0  1
 47064831672.86705
    52   588262548325.93        4     2 0  0 2  0
 588262548325.9277
    53  0.13068608960765E+15    4     1 1  0 2  0
 130686089607650.5
    54  0.71948627788657E+16    4     0 2  0 2  0
 7194862778865688.
    55   14308220646528.        4     0 0  2 2  0
 14308220646527.50
    56  -2901249959.4685        4     1 0  1 1  1
 -2901249959.468460
    57  -304966444511.92        4     0 1  1 1  1
 -304966444511.9214
    58   379.49672501182        4     2 0  0 0  2
 379.4967250118152
    59  -622119.45059303        4     1 1  0 0  2
 -622119.4505930259
    60  -80606916.902415        4     0 2  0 0  2
 -80606916.90241460
    61  -12419.751979672        4     0 0  2 0  2
 -12419.75197967235
    62   9682903447239.0        4     0 0  1 3  0
 9682903447239.000
    63   1811990355.2084        4     1 0  0 2  1
 1811990355.208435
    64   353042820065.20        4     0 1  0 2  1
 353042820065.1973
    65  -2156120.3074340        4     0 0  1 1  2
 -2156120.307434022
    66   7.5451132838654        4     1 0  0 0  3
 7.545113283865368
    67  -84.231098458038        4     0 1  0 0  3
 -84.23109845803839
    68  -.12418133500910E+15    4     0 0  0 4  0
 -124181335009104.0
    69  -3157466.9805961        4     0 0  0 2  2
 -3157466.980596066
    70  0.38360898683090E-03    4     0 0  0 0  4
 3.836089868308995E-04
    71   883390286874.93        5     5 0  0 0  0
 883390286874.9309
    72  0.50935302652419E+15    5     4 1  0 0  0
 509353026524185.1
    73  0.11769636812564E+18    5     3 2  0 0  0
 1.176963681256404E+17
    74  0.13625066843674E+20    5     2 3  0 0  0
 1.362506684367416E+19
    75  0.79028927103793E+21    5     1 4  0 0  0
 7.902892710379260E+20
    76  0.18375197794858E+23    5     0 5  0 0  0
 1.837519779485789E+22
    77  0.97489077152367E+15    5     3 0  2 0  0
 974890771523667.4
    78  0.27476241642113E+18    5     2 1  2 0  0
 2.747624164211287E+17
    79  0.24265780693544E+20    5     1 2  2 0  0
 2.426578069354381E+19
    80  0.63904070221052E+21    5     0 3  2 0  0
 6.390407022105233E+20
    81  0.15844606967941E+17    5     1 0  4 0  0
 1.584460696794079E+16
    82  0.94046037961168E+18    5     0 1  4 0  0
 9.404603796116780E+17
    83  -.22497966346418E+17    5     3 0  1 1  0
 -2.249796634641834E+16
    84  -.65555115580465E+19    5     2 1  1 1  0
 -6.555511558046537E+18
    85  -.61029362502588E+21    5     1 2  1 1  0
 -6.102936250258775E+20
    86  -.17690730419678E+23    5     0 3  1 1  0
 -1.769073041967759E+22
    87  -.45398239565653E+18    5     1 0  3 1  0
 -4.539823956565258E+17
    88  -.30998004894573E+20    5     0 1  3 1  0
 -3.099800489457349E+19
    89   97666780025.503        5     4 0  0 0  1
 97666780025.50304
    90   26585866381667.        5     3 1  0 0  1
 26585866381666.82
    91  0.12840571106537E+16    5     2 2  0 0  1
 1284057110653719.
    92  -.16584657982915E+18    5     1 3  0 0  1
 -1.658465798291492E+17
    93  -.12702538160546E+20    5     0 4  0 0  1
 -1.270253816054612E+19
    94   17500738387892.        5     2 0  2 0  1
 17500738387892.45
    95   97835242301973.        5     1 1  2 0  1
 97835242301972.88
    96  -.22566043507757E+18    5     0 2  2 0  1
 -2.256604350775722E+17
    97  -91327207214209.        5     0 0  4 0  1
 -91327207214209.16
    98  0.48483917235398E+17    5     3 0  0 2  0
 4.848391723539762E+16
    99  0.14133841143341E+20    5     2 1  0 2  0
 1.413384114334092E+19
   100  0.13298104986847E+22    5     1 2  0 2  0
 1.329810498684652E+21
   101  0.39696530013742E+23    5     0 3  0 2  0
 3.969653001374214E+22
   102  0.30872564930013E+19    5     1 0  2 2  0
 3.087256493001264E+18
   103  0.24596804788172E+21    5     0 1  2 2  0
 2.459680478817221E+20
   104  -.38940204772397E+15    5     2 0  1 1  1
 -389402047723969.7
   105  -.67557485877217E+17    5     1 1  1 1  1
 -6.755748587721719E+16
   106  -.26660290640541E+19    5     0 2  1 1  1
 -2.666029064054106E+18
   107  -.25268050180947E+16    5     0 0  3 1  1
 -2526805018094656.
   108   286163957.27593        5     3 0  0 0  2
 286163957.2759328
   109   5868956555.3617        5     2 1  0 0  2
 5868956555.361737
   110  -3551994625017.5        5     1 2  0 0  2
 -3551994625017.507
   111  -48953490642610.        5     0 3  0 0  2
 -48953490642610.48
   112   14896208008.870        5     1 0  2 0  2
 14896208008.86995
   113  -6423592206707.7        5     0 1  2 0  2
 -6423592206707.653
   114  -.82780404523744E+19    5     1 0  1 3  0
 -8.278040452374356E+18
   115  -.73657621071303E+21    5     0 1  1 3  0
 -7.365762107130336E+20
   116  0.83865313943901E+15    5     2 0  0 2  1
 838653139439005.5
   117  0.15557259069908E+18    5     1 1  0 2  1
 1.555725906990784E+17
   118  0.69783251461290E+19    5     0 2  0 2  1
 6.978325146128988E+18
   119  0.19682636393490E+17    5     0 0  2 2  1
 1.968263639349045E+16
   120  -1192989163987.2        5     1 0  1 1  2
 -1192989163987.175
   121  -88333273806183.        5     0 1  1 1  2
 -88333273806183.45
   122  -532884.15260059        5     2 0  0 0  3
 -532884.1526005937
   123  -66855687.897720        5     1 1  0 0  3
 -66855687.89772030
   124   6878265128.6364        5     0 2  0 0  3
 6878265128.636425
   125  -7659045.8340620        5     0 0  2 0  3
 -7659045.834061980
   126  0.73805655304938E+19    5     1 0  0 4  0
 7.380565530493846E+18
   127  0.72344572153412E+21    5     0 1  0 4  0
 7.234457215341177E+20
   128  -.46747521247057E+17    5     0 0  1 3  1
 -4.674752124705702E+16
   129   3111352437224.2        5     1 0  0 2  2
 3111352437224.223
   130  0.28340826436325E+15    5     0 1  0 2  2
 283408264363248.5
   131   91398657.515293        5     0 0  1 1  3
 91398657.51529264
   132   174.57191167230        5     1 0  0 0  4
 174.5719116723008
   133  -22676.236586089        5     0 1  0 0  4
 -22676.23658608913
   134  0.15295054963775E+17    5     0 0  0 4  1
 1.529505496377498E+16
   135   957744076.28020        5     0 0  0 2  3
 957744076.2802019
   136  -.72786881865532E-01    5     0 0  0 0  5
 -7.278688186553228E-02
                                      
