
 etall    1, NO =    5, NV =    6, INA =   25
 *********************************************

    I  COEFFICIENT          ORDER   EXPONENTS
     1  -0.8540472035352        1     1 0  0 0  0 0
 -0.854047203535179     
     2    1.279052150920        1     0 1  0 0  0 0
   1.27905215092023     
     3  -0.1361921865053E-01    1     0 0  0 0  1 0
 -1.361921865052896E-002
     4    1.935701024398        2     2 0  0 0  0 0
   1.93570102439751     
     5    3.380840407675        2     1 1  0 0  0 0
   3.38084040767539     
     6    14.81393745133        2     0 2  0 0  0 0
   14.8139374513256     
     7   0.3272469520922        2     0 0  2 0  0 0
  0.327246952092162     
     8   0.4877739066383        2     0 0  1 1  0 0
  0.487773906638280     
     9    45.99309042526        2     1 0  0 0  1 0
   45.9930904252593     
    10    188.4206772372        2     0 1  0 0  1 0
   188.420677237237     
    11    8.763687242689        2     0 0  0 2  0 0
   8.76368724268946     
    12    7.277874928155        2     0 0  0 0  2 0
   7.27787492815521     
    13   -218.5371558361        3     3 0  0 0  0 0
  -218.537155836077     
    14   -784.7451978841        3     2 1  0 0  0 0
  -784.745197884086     
    15   -1157.483995027        3     1 2  0 0  0 0
  -1157.48399502681     
    16   -4777.806235526        3     0 3  0 0  0 0
  -4777.80623552622     
    17   -45.68297280068        3     1 0  2 0  0 0
  -45.6829728006801     
    18   -187.5672061186        3     0 1  2 0  0 0
  -187.567206118595     
    19   -183.7903168101        3     1 0  1 1  0 0
  -183.790316810118     
    20    13.86363202360        3     0 1  1 1  0 0
   13.8636320235991     
    21    93.98472786152        3     2 0  0 0  1 0
   93.9847278615200     
    22    283.4494201420        3     1 1  0 0  1 0
   283.449420141964     
    23   -1199.318883006        3     0 2  0 0  1 0
  -1199.31888300579     
    24   -35.85510740846        3     0 0  2 0  1 0
  -35.8551074084555     
    25   -7312.161864964        3     1 0  0 2  0 0
  -7312.16186496410     
    26   -22735.32229010        3     0 1  0 2  0 0
  -22735.3222900986     
    27   -351.4215596241        3     0 0  1 1  1 0
  -351.421559624074     
    28    2801.668969677        3     1 0  0 0  2 0
   2801.66896967655     
    29   -5911.494661185        3     0 1  0 0  2 0
  -5911.49466118489     
    30    1423.529641009        3     0 0  0 2  1 0
   1423.52964100914     
    31    330.4558362557        3     0 0  0 0  3 0
   330.455836255657     
    32    680.5786397077        4     4 0  0 0  0 0
   680.578639707737     
    33   -475.2551800729        4     3 1  0 0  0 0
  -475.255180072857     
    34    1327.087831040        4     2 2  0 0  0 0
   1327.08783104035     
    35   -29040.99086309        4     1 3  0 0  0 0
  -29040.9908630949     
    36   -7095.016581933        4     0 4  0 0  0 0
  -7095.01658193348     
    37    230.1975018799        4     2 0  2 0  0 0
   230.197501879929     
    38   -207.9639129307        4     1 1  2 0  0 0
  -207.963912930653     
    39   -227.4848146571        4     0 2  2 0  0 0
  -227.484814657058     
    40    9.448105417280        4     0 0  4 0  0 0
   9.44810541728001     
    41    1914.229347945        4     2 0  1 1  0 0
   1914.22934794469     
    42   -5820.741736377        4     1 1  1 1  0 0
  -5820.74173637704     
    43   -12054.39592887        4     0 2  1 1  0 0
  -12054.3959288700     
    44    221.7835667721        4     0 0  3 1  0 0
   221.783566772148     
    45   -27736.33550021        4     3 0  0 0  1 0
  -27736.3355002055     
    46    79964.97578615        4     2 1  0 0  1 0
   79964.9757861475     
    47   -216740.2702363        4     1 2  0 0  1 0
  -216740.270236346     
    48    199025.7799971        4     0 3  0 0  1 0
   199025.779997084     
    49   -5875.848331201        4     1 0  2 0  1 0
  -5875.84833120106     
    50    16920.92729590        4     0 1  2 0  1 0
   16920.9272959042     
    51   -580.7338789783        4     2 0  0 2  0 0
  -580.733878978292     
    52   -140824.3342542        4     1 1  0 2  0 0
  -140824.334254151     
    53   -83650.75415926        4     0 2  0 2  0 0
  -83650.7541592595     
    54   -61.80705232145        4     0 0  2 2  0 0
  -61.8070523214451     
    55   -13554.98945950        4     1 0  1 1  1 0
  -13554.9894595011     
    56   -15686.31509714        4     0 1  1 1  1 0
  -15686.3150971392     
    57   -8053.788009583        4     2 0  0 0  2 0
  -8053.78800958310     
    58   -67441.33245621        4     1 1  0 0  2 0
  -67441.3324562106     
    59   -112294.4006349        4     0 2  0 0  2 0
  -112294.400634945     
    60   -161.0685243936        4     0 0  2 0  2 0
  -161.068524393587     
    61    23885.20462259        4     0 0  1 3  0 0
   23885.2046225889     
    62   -1077779.890877        4     1 0  0 2  1 0
  -1077779.89087683     
    63    745016.2842093        4     0 1  0 2  1 0
   745016.284209316     
    64    67400.11897721        4     0 0  1 1  2 0
   67400.1189772102     
    65   -135029.7032881        4     1 0  0 0  3 0
  -135029.703288139     
    66   -157399.5850454        4     0 1  0 0  3 0
  -157399.585045366     
    67   -162445.7998399        4     0 0  0 4  0 0
  -162445.799839895     
    68   -108324.2776533        4     0 0  0 2  2 0
  -108324.277653311     
    69   -20082.13508650        4     0 0  0 0  4 0
  -20082.1350864952     
    70    65780.80235279        5     5 0  0 0  0 0
   65780.8023527878     
    71   -256313.6406465        5     4 1  0 0  0 0
  -256313.640646477     
    72    777590.7030203        5     3 2  0 0  0 0
   777590.703020313     
    73   -2022018.280957        5     2 3  0 0  0 0
  -2022018.28095733     
    74    4235994.410960        5     1 4  0 0  0 0
   4235994.41095965     
    75   -2225851.351894        5     0 5  0 0  0 0
  -2225851.35189375     
    76    28664.68390214        5     3 0  2 0  0 0
   28664.6839021417     
    77   -97924.62215856        5     2 1  2 0  0 0
  -97924.6221585593     
    78    173943.5684069        5     1 2  2 0  0 0
   173943.568406933     
    79   -251907.6800523        5     0 3  2 0  0 0
  -251907.680052342     
    80    3153.834741833        5     1 0  4 0  0 0
   3153.83474183312     
    81   -8102.358880643        5     0 1  4 0  0 0
  -8102.35888064265     
    82   -143824.3427118        5     3 0  1 1  0 0
  -143824.342711787     
    83   -492929.7545735        5     2 1  1 1  0 0
  -492929.754573463     
    84    861815.4761775        5     1 2  1 1  0 0
   861815.476177470     
    85    531686.7627431        5     0 3  1 1  0 0
   531686.762743093     
    86   -6967.869001040        5     1 0  3 1  0 0
  -6967.86900104025     
    87   -26033.92548149        5     0 1  3 1  0 0
  -26033.9254814922     
    88    97099.98657367        5     4 0  0 0  1 0
   97099.9865736683     
    89    111178.5062750        5     3 1  0 0  1 0
   111178.506275012     
    90   -955980.4818659        5     2 2  0 0  1 0
  -955980.481865890     
    91    893029.4597762        5     1 3  0 0  1 0
   893029.459776199     
    92    7093660.108127        5     0 4  0 0  1 0
   7093660.10812674     
    93    17492.95783340        5     2 0  2 0  1 0
   17492.9578334001     
    94   -32382.68031958        5     1 1  2 0  1 0
  -32382.6803195836     
    95    193651.2567514        5     0 2  2 0  1 0
   193651.256751378     
    96    1401.930463883        5     0 0  4 0  1 0
   1401.93046388254     
    97    4589100.531261        5     3 0  0 2  0 0
   4589100.53126063     
    98   -6001880.239600        5     2 1  0 2  0 0
  -6001880.23959972     
    99    43271210.15780        5     1 2  0 2  0 0
   43271210.1578041     
   100   -36238119.14710        5     0 3  0 2  0 0
  -36238119.1470986     
   101    999193.6306949        5     1 0  2 2  0 0
   999193.630694889     
   102   -1506343.302208        5     0 1  2 2  0 0
  -1506343.30220842     
   103   -499372.3845353        5     2 0  1 1  1 0
  -499372.384535265     
   104   -1096209.665305        5     1 1  1 1  1 0
  -1096209.66530490     
   105    1701479.048915        5     0 2  1 1  1 0
   1701479.04891514     
   106   -72999.93127834        5     0 0  3 1  1 0
  -72999.9312783360     
   107    1712211.253389        5     3 0  0 0  2 0
   1712211.25338944     
   108    1401988.059071        5     2 1  0 0  2 0
   1401988.05907073     
   109    1382145.486533        5     1 2  0 0  2 0
   1382145.48653255     
   110    21255630.72523        5     0 3  0 0  2 0
   21255630.7252285     
   111    345853.2634295        5     1 0  2 0  2 0
   345853.263429530     
   112    81241.16334431        5     0 1  2 0  2 0
   81241.1633443061     
   113    1269663.675583        5     1 0  1 3  0 0
   1269663.67558348     
   114    17910.16608280        5     0 1  1 3  0 0
   17910.1660828041     
   115   -852990.2126367        5     2 0  0 2  1 0
  -852990.212636725     
   116    13541256.34559        5     1 1  0 2  1 0
   13541256.3455948     
   117    29896683.41691        5     0 2  0 2  1 0
   29896683.4169126     
   118    129997.8754065        5     0 0  2 2  1 0
   129997.875406473     
   119    2585950.979460        5     1 0  1 1  2 0
   2585950.97946031     
   120   -1063122.053367        5     0 1  1 1  2 0
  -1063122.05336747     
   121   -720110.9454269        5     2 0  0 0  3 0
  -720110.945426862     
   122   -1890692.789664        5     1 1  0 0  3 0
  -1890692.78966428     
   123    10458816.86529        5     0 2  0 0  3 0
   10458816.8652859     
   124    315172.2041782        5     0 0  2 0  3 0
   315172.204178217     
   125    84166185.59060        5     1 0  0 4  0 0
   84166185.5905959     
   126   -63645137.66294        5     0 1  0 4  0 0
  -63645137.6629415     
   127   -5577601.920348        5     0 0  1 3  1 0
  -5577601.92034811     
   128    32235057.61471        5     1 0  0 2  2 0
   32235057.6147087     
   129    109268012.3759        5     0 1  0 2  2 0
   109268012.375917     
   130   -1129140.705935        5     0 0  1 1  3 0
  -1129140.70593457     
   131    429959.2594398        5     1 0  0 0  4 0
   429959.259439806     
   132    8958788.194902        5     0 1  0 0  4 0
   8958788.19490184     
   133   -7147309.256092        5     0 0  0 4  1 0
  -7147309.25609229     
   134   -29682275.42759        5     0 0  0 2  3 0
  -29682275.4275926     
   135   -136234.8098564        5     0 0  0 0  5 0
  -136234.809856390     
                                      

 etall    1, NO =    5, NV =    6, INA =   26
 *********************************************

    I  COEFFICIENT          ORDER   EXPONENTS
     1  -0.2115655518343        1     1 0  0 0  0 0
 -0.211565551834275     
     2  -0.8540472035359        1     0 1  0 0  0 0
 -0.854047203535894     
     3  -0.1554090694311E-02    1     0 0  0 0  1 0
 -1.554090694311173E-003
     4  -0.1478348389593        2     2 0  0 0  0 0
 -0.147834838959331     
     5   -2.591090727022        2     1 1  0 0  0 0
  -2.59109072702227     
     6    3.919561206685        2     0 2  0 0  0 0
   3.91956120668453     
     7   0.3684211588458E-01    2     0 0  2 0  0 0
  3.684211588458379E-002
     8  -0.7698879577126        2     0 0  1 1  0 0
 -0.769887957712588     
     9   -30.22290621304        2     1 0  0 0  1 0
  -30.2229062130418     
    10    45.94561908691        2     0 1  0 0  1 0
   45.9456190869100     
    11    1.064231006677        2     0 0  0 2  0 0
   1.06423100667713     
    12   0.5699394862087        2     0 0  0 0  2 0
  0.569939486208744     
    13    153.3679166947        3     3 0  0 0  0 0
   153.367916694742     
    14   -238.4296122178        3     2 1  0 0  0 0
  -238.429612217842     
    15    877.9887531288        3     1 2  0 0  0 0
   877.988753128788     
    16   -1195.731619983        3     0 3  0 0  0 0
  -1195.73161998273     
    17    28.64958258844        3     1 0  2 0  0 0
   28.6495825884410     
    18   -44.32012960843        3     0 1  2 0  0 0
  -44.3201296084301     
    19    1.760265854934        3     1 0  1 1  0 0
   1.76026585493449     
    20    184.7073263355        3     0 1  1 1  0 0
   184.707326335545     
    21   -11.48829965951        3     2 0  0 0  1 0
  -11.4882996595127     
    22    170.2627330545        3     1 1  0 0  1 0
   170.262733054549     
    23    545.7617562553        3     0 2  0 0  1 0
   545.761756255347     
    24   -2.872155994932        3     0 0  2 0  1 0
  -2.87215599493183     
    25    6014.343597126        3     1 0  0 2  0 0
   6014.34359712577     
    26   -7310.142085257        3     0 1  0 2  0 0
  -7310.14208525741     
    27    59.22111323300        3     0 0  1 1  1 0
   59.2211132330035     
    28    1369.051391782        3     1 0  0 0  2 0
   1369.05139178170     
    29    2825.707002769        3     0 1  0 0  2 0
   2825.70700276879     
    30    995.4886354003        3     0 0  0 2  1 0
   995.488635400287     
    31    178.1744238834        3     0 0  0 0  3 0
   178.174423883421     
    32   -336.9847782829        4     4 0  0 0  0 0
  -336.984778282932     
    33   -2006.117620495        4     3 1  0 0  0 0
  -2006.11762049498     
    34   -199.7881183140        4     2 2  0 0  0 0
  -199.788118313999     
    35   -14253.41635497        4     1 3  0 0  0 0
  -14253.4163549701     
    36   -13853.01819927        4     0 4  0 0  0 0
  -13853.0181992683     
    37   -96.66808936063        4     2 0  2 0  0 0
  -96.6680893606265     
    38   -396.1758658187        4     1 1  2 0  0 0
  -396.175865818662     
    39   -469.9873403573        4     0 2  2 0  0 0
  -469.987340357253     
    40   -2.103040415488        4     0 0  4 0  0 0
  -2.10304041548850     
    41    416.8606280727        4     2 0  1 1  0 0
   416.860628072710     
    42    3949.930820269        4     1 1  1 1  0 0
   3949.93082026915     
    43   -6719.379563775        4     0 2  1 1  0 0
  -6719.37956377526     
    44   -8.484475417943        4     0 0  3 1  0 0
  -8.48447541794251     
    45   -8318.353682687        4     3 0  0 0  1 0
  -8318.35368268671     
    46   -36607.17440814        4     2 1  0 0  1 0
  -36607.1744081444     
    47   -58805.19232865        4     1 2  0 0  1 0
  -58805.1923286508     
    48   -169975.5089394        4     0 3  0 0  1 0
  -169975.508939409     
    49   -2654.983919692        4     1 0  2 0  1 0
  -2654.98391969239     
    50   -3615.358875667        4     0 1  2 0  1 0
  -3615.35887566714     
    51    165.6257190697        4     2 0  0 2  0 0
   165.625719069657     
    52   -83659.16698564        4     1 1  0 2  0 0
  -83659.1669856450     
    53   -101050.4151023        4     0 2  0 2  0 0
  -101050.415102264     
    54   -1302.887305177        4     0 0  2 2  0 0
  -1302.88730517720     
    55    35037.41599847        4     1 0  1 1  1 0
   35037.4159984733     
    56   -41422.98719141        4     0 1  1 1  1 0
  -41422.9871914052     
    57    1323.739574115        4     2 0  0 0  2 0
   1323.73957411517     
    58    26660.11068685        4     1 1  0 0  2 0
   26660.1106868495     
    59   -52531.80432372        4     0 2  0 0  2 0
  -52531.8043237242     
    60   -109.1559921649        4     0 0  2 0  2 0
  -109.155992164879     
    61   -3641.544460440        4     0 0  1 3  0 0
  -3641.54446044037     
    62   -205562.4265720        4     1 0  0 2  1 0
  -205562.426572035     
    63   -1346688.098285        4     0 1  0 2  1 0
  -1346688.09828540     
    64   -8164.456006764        4     0 0  1 1  2 0
  -8164.45600676426     
    65    13786.46319867        4     1 0  0 0  3 0
   13786.4631986698     
    66   -132949.2335704        4     0 1  0 0  3 0
  -132949.233570360     
    67   -99226.06968206        4     0 0  0 4  0 0
  -99226.0696820558     
    68   -68974.64240697        4     0 0  0 2  2 0
  -68974.6424069727     
    69    3217.545442086        4     0 0  0 0  4 0
   3217.54544208583     
    70    8501.956557604        5     5 0  0 0  0 0
   8501.95655760367     
    71    137555.4829623        5     4 1  0 0  0 0
   137555.482962325     
    72    287633.4433716        5     3 2  0 0  0 0
   287633.443371647     
    73    643293.9859818        5     2 3  0 0  0 0
   643293.985981798     
    74    1097963.511428        5     1 4  0 0  0 0
   1097963.51142829     
    75    2176415.952290        5     0 5  0 0  0 0
   2176415.95229001     
    76    6954.856930903        5     3 0  2 0  0 0
   6954.85693090275     
    77    42142.79234575        5     2 1  2 0  0 0
   42142.7923457524     
    78    43290.25581216        5     1 2  2 0  0 0
   43290.2558121586     
    79    141162.8735182        5     0 3  2 0  0 0
   141162.873518190     
    80    920.3920206822        5     1 0  4 0  0 0
   920.392020682169     
    81    2068.476520935        5     0 1  4 0  0 0
   2068.47652093504     
    82    17862.77397096        5     3 0  1 1  0 0
   17862.7739709564     
    83   -166444.0460151        5     2 1  1 1  0 0
  -166444.046015101     
    84   -565881.8110761        5     1 2  1 1  0 0
  -565881.811076073     
    85    727055.1143081        5     0 3  1 1  0 0
   727055.114308072     
    86   -13309.41744692        5     1 0  3 1  0 0
  -13309.4174469241     
    87    17920.98331200        5     0 1  3 1  0 0
   17920.9833120023     
    88   -36244.70601994        5     4 0  0 0  1 0
  -36244.7060199388     
    89    31233.29467604        5     3 1  0 0  1 0
   31233.2946760391     
    90    199125.6640685        5     2 2  0 0  1 0
   199125.664068509     
    91   -2053731.149945        5     1 3  0 0  1 0
  -2053731.14994532     
    92    2325633.556974        5     0 4  0 0  1 0
   2325633.55697389     
    93    9431.620737521        5     2 0  2 0  1 0
   9431.62073752123     
    94    9363.563048595        5     1 1  2 0  1 0
   9363.56304859454     
    95    54543.21284508        5     0 2  2 0  1 0
   54543.2128450815     
    96    271.8547473089        5     0 0  4 0  1 0
   271.854747308867     
    97    545072.3727322        5     3 0  0 2  0 0
   545072.372732213     
    98    4735726.805916        5     2 1  0 2  0 0
   4735726.80591560     
    99    13210966.19708        5     1 2  0 2  0 0
   13210966.1970802     
   100    28228082.32302        5     0 3  0 2  0 0
   28228082.3230156     
   101    283181.0310549        5     1 0  2 2  0 0
   283181.031054903     
   102    1005429.679780        5     0 1  2 2  0 0
   1005429.67977997     
   103    63139.49389355        5     2 0  1 1  1 0
   63139.4938935469     
   104   -1281910.098834        5     1 1  1 1  1 0
  -1281910.09883367     
   105   -1121229.126906        5     0 2  1 1  1 0
  -1121229.12690572     
   106   -16702.72379279        5     0 0  3 1  1 0
  -16702.7237927862     
   107   -472765.6772085        5     3 0  0 0  2 0
  -472765.677208539     
   108    894660.4491639        5     2 1  0 0  2 0
   894660.449163900     
   109   -678154.1462204        5     1 2  0 0  2 0
  -678154.146220367     
   110    7355831.477108        5     0 3  0 0  2 0
   7355831.47710780     
   111    304138.4827785        5     1 0  2 0  2 0
   304138.482778474     
   112    75967.00643875        5     0 1  2 0  2 0
   75967.0064387527     
   113   -2510365.144848        5     1 0  1 3  0 0
  -2510365.14484849     
   114    2279299.558765        5     0 1  1 3  0 0
   2279299.55876499     
   115   -2561576.591901        5     2 0  0 2  1 0
  -2561576.59190099     
   116   -11629293.56924        5     1 1  0 2  1 0
  -11629293.5692417     
   117    12892923.54258        5     0 2  0 2  1 0
   12892923.5425764     
   118    22946.17342489        5     0 0  2 2  1 0
   22946.1734248919     
   119   -2120522.549426        5     1 0  1 1  2 0
  -2120522.54942593     
   120   -11162185.34106        5     0 1  1 1  2 0
  -11162185.3410587     
   121    80239.03548681        5     2 0  0 0  3 0
   80239.0354868085     
   122   -1405007.400173        5     1 1  0 0  3 0
  -1405007.40017340     
   123   -3559231.497181        5     0 2  0 0  3 0
  -3559231.49718084     
   124   -87380.96238145        5     0 0  2 0  3 0
  -87380.9623814480     
   125    11150973.86557        5     1 0  0 4  0 0
   11150973.8655701     
   126    105383047.0884        5     0 1  0 4  0 0
   105383047.088363     
   127   -794864.3389833        5     0 0  1 3  1 0
  -794864.338983341     
   128   -56213174.39882        5     1 0  0 2  2 0
  -56213174.3988229     
   129    49176419.14854        5     0 1  0 2  2 0
   49176419.1485357     
   130   -25956.79755900        5     0 0  1 1  3 0
  -25956.7975590035     
   131   -1859903.174345        5     1 0  0 0  4 0
  -1859903.17434523     
   132    285016.0699564        5     0 1  0 0  4 0
   285016.069956434     
   133   -4898933.535125        5     0 0  0 4  1 0
  -4898933.53512457     
   134    2040390.371779        5     0 0  0 2  3 0
   2040390.37177943     
   135   -346119.6265600        5     0 0  0 0  5 0
  -346119.626559967     
                                      

 etall    1, NO =    5, NV =    6, INA =   27
 *********************************************

    I  COEFFICIENT          ORDER   EXPONENTS
     1  -0.9999057913363        1     0 0  1 0  0 0
 -0.999905791336303     
     2   0.1555319595132        1     0 0  0 1  0 0
  0.155531959513158     
     3   0.7723938059323        2     1 0  1 0  0 0
  0.772393805932335     
     4  -0.4664956265522        2     0 1  1 0  0 0
 -0.466495626552187     
     5    2.008519311116        2     1 0  0 1  0 0
   2.00851931111580     
     6    17.60158768635        2     0 1  0 1  0 0
   17.6015876863542     
     7    1.924893485843        2     0 0  1 0  1 0
   1.92489348584321     
     8    1506.664847583        2     0 0  0 1  1 0
   1506.66484758292     
     9   -27.09912409275        3     2 0  1 0  0 0
  -27.0991240927547     
    10   -154.7226692742        3     1 1  1 0  0 0
  -154.722669274185     
    11    82.37333955254        3     0 2  1 0  0 0
   82.3733395525363     
    12   -1.249863991138        3     0 0  3 0  0 0
  -1.24986399113831     
    13   -6679.522063453        3     2 0  0 1  0 0
  -6679.52206345336     
    14    2908.711440812        3     1 1  0 1  0 0
   2908.71144081202     
    15   -28785.19828659        3     0 2  0 1  0 0
  -28785.1982865878     
    16   -969.1350697789        3     0 0  2 1  0 0
  -969.135069778948     
    17   -31.22619381392        3     1 0  1 0  1 0
  -31.2261938139205     
    18    580.2627201967        3     0 1  1 0  1 0
   580.262720196701     
    19   -134.9140711997        3     0 0  1 2  0 0
  -134.914071199668     
    20    649.4801497387        3     1 0  0 1  1 0
   649.480149738676     
    21    3622.391245177        3     0 1  0 1  1 0
   3622.39124517668     
    22    9722.694244536        3     0 0  1 0  2 0
   9722.69424453644     
    23   -117885.9989916        3     0 0  0 3  0 0
  -117885.998991643     
    24    17703.71176007        3     0 0  0 1  2 0
   17703.7117600685     
    25   -96.06617534106        4     3 0  1 0  0 0
  -96.0661753410619     
    26   -1814.360741979        4     2 1  1 0  0 0
  -1814.36074197868     
    27    1780.554438906        4     1 2  1 0  0 0
   1780.55443890573     
    28   -9025.950650810        4     0 3  1 0  0 0
  -9025.95065081041     
    29    3.506468861145        4     1 0  3 0  0 0
   3.50646886114483     
    30   -284.6701452234        4     0 1  3 0  0 0
  -284.670145223398     
    31    12497.89196075        4     3 0  0 1  0 0
   12497.8919607526     
    32    6774.133865481        4     2 1  0 1  0 0
   6774.13386548114     
    33   -70656.36049758        4     1 2  0 1  0 0
  -70656.3604975760     
    34   -151295.1434010        4     0 3  0 1  0 0
  -151295.143401046     
    35    2489.613983024        4     1 0  2 1  0 0
   2489.61398302391     
    36   -3740.962022616        4     0 1  2 1  0 0
  -3740.96202261628     
    37   -69905.60319277        4     2 0  1 0  1 0
  -69905.6031927667     
    38    37292.15270339        4     1 1  1 0  1 0
   37292.1527033938     
    39   -340349.6082613        4     0 2  1 0  1 0
  -340349.608261285     
    40   -11263.10237263        4     0 0  3 0  1 0
  -11263.1023726302     
    41    3287.315235169        4     1 0  1 2  0 0
   3287.31523516927     
    42   -131639.2900520        4     0 1  1 2  0 0
  -131639.290052003     
    43   -14535.85855338        4     2 0  0 1  1 0
  -14535.8585533797     
    44    344695.6321916        4     1 1  0 1  1 0
   344695.632191595     
    45   -1200969.443581        4     0 2  0 1  1 0
  -1200969.44358097     
    46    50759.76150040        4     0 0  2 1  1 0
   50759.7615004018     
    47    23705.99311622        4     1 0  1 0  2 0
   23705.9931162247     
    48   -32397.59901139        4     0 1  1 0  2 0
  -32397.5990113942     
    49   -186544.0466701        4     1 0  0 3  0 0
  -186544.046670118     
    50   -773481.0000353        4     0 1  0 3  0 0
  -773481.000035316     
    51   -1575577.014673        4     0 0  1 2  1 0
  -1575577.01467295     
    52    9809.901878248        4     1 0  0 1  2 0
   9809.90187824831     
    53   -948435.5015403        4     0 1  0 1  2 0
  -948435.501540321     
    54   -234436.4143199        4     0 0  1 0  3 0
  -234436.414319870     
    55   -7172102.133258        4     0 0  0 3  1 0
  -7172102.13325788     
    56   -5651000.896502        4     0 0  0 1  3 0
  -5651000.89650180     
    57    122975.4005898        5     4 0  1 0  0 0
   122975.400589751     
    58   -116077.2104684        5     3 1  1 0  0 0
  -116077.210468368     
    59    1210093.423283        5     2 2  1 0  0 0
   1210093.42328301     
    60   -707255.4017909        5     1 3  1 0  0 0
  -707255.401790904     
    61    2789538.825429        5     0 4  1 0  0 0
   2789538.82542926     
    62    40255.47637361        5     2 0  3 0  0 0
   40255.4763736147     
    63   -26769.96244258        5     1 1  3 0  0 0
  -26769.9624425846     
    64    192230.4721430        5     0 2  3 0  0 0
   192230.472143009     
    65    3243.022242585        5     0 0  5 0  0 0
   3243.02224258507     
    66   -49537.45139409        5     4 0  0 1  0 0
  -49537.4513940865     
    67   -2564068.405579        5     3 1  0 1  0 0
  -2564068.40557919     
    68   -1911129.289403        5     2 2  0 1  0 0
  -1911129.28940307     
    69   -3540319.778879        5     1 3  0 1  0 0
  -3540319.77887866     
    70    12796578.98599        5     0 4  0 1  0 0
   12796578.9859934     
    71   -129783.3002588        5     2 0  2 1  0 0
  -129783.300258818     
    72   -583216.3290492        5     1 1  2 1  0 0
  -583216.329049173     
    73    352041.6211151        5     0 2  2 1  0 0
   352041.621115094     
    74   -28463.66497315        5     0 0  4 1  0 0
  -28463.6649731546     
    75    120196.2006184        5     3 0  1 0  1 0
   120196.200618364     
    76    347785.9701453        5     2 1  1 0  1 0
   347785.970145338     
    77   -1015596.419230        5     1 2  1 0  1 0
  -1015596.41923015     
    78   -1443325.346123        5     0 3  1 0  1 0
  -1443325.34612322     
    79    25035.12670362        5     1 0  3 0  1 0
   25035.1267036218     
    80    16166.48498929        5     0 1  3 0  1 0
   16166.4849892850     
    81    2078844.525884        5     2 0  1 2  0 0
   2078844.52588378     
    82    1759400.642286        5     1 1  1 2  0 0
   1759400.64228608     
    83    26850943.47542        5     0 2  1 2  0 0
   26850943.4754236     
    84    726853.4468764        5     0 0  3 2  0 0
   726853.446876373     
    85    760935.8347299        5     3 0  0 1  1 0
   760935.834729933     
    86   -1861706.255400        5     2 1  0 1  1 0
  -1861706.25540001     
    87   -20192723.57152        5     1 2  0 1  1 0
  -20192723.5715204     
    88    29280270.17821        5     0 3  0 1  1 0
   29280270.1782058     
    89   -369389.9260460        5     1 0  2 1  1 0
  -369389.926046028     
    90   -1187760.804895        5     0 1  2 1  1 0
  -1187760.80489492     
    91    2925977.686695        5     2 0  1 0  2 0
   2925977.68669488     
    92    5689577.814326        5     1 1  1 0  2 0
   5689577.81432632     
    93   -2348876.228367        5     0 2  1 0  2 0
  -2348876.22836676     
    94    1082759.502479        5     0 0  3 0  2 0
   1082759.50247876     
    95    22371815.94816        5     2 0  0 3  0 0
   22371815.9481635     
    96    18445936.92789        5     1 1  0 3  0 0
   18445936.9278881     
    97    117073013.7755        5     0 2  0 3  0 0
   117073013.775493     
    98   -2797299.655571        5     0 0  2 3  0 0
  -2797299.65557142     
    99   -9918452.840324        5     1 0  1 2  1 0
  -9918452.84032376     
   100   -3060234.835894        5     0 1  1 2  1 0
  -3060234.83589406     
   101    75369428.85410        5     2 0  0 1  2 0
   75369428.8541045     
   102   -68346399.15186        5     1 1  0 1  2 0
  -68346399.1518619     
   103    233422324.5023        5     0 2  0 1  2 0
   233422324.502306     
   104    1527679.130466        5     0 0  2 1  2 0
   1527679.13046585     
   105   -909389.1086937        5     1 0  1 0  3 0
  -909389.108693664     
   106   -7319250.700043        5     0 1  1 0  3 0
  -7319250.70004254     
   107    58383898.49676        5     0 0  1 4  0 0
   58383898.4967630     
   108   -2902811.655660        5     1 0  0 3  1 0
  -2902811.65565986     
   109    141291892.2355        5     0 1  0 3  1 0
   141291892.235509     
   110   -85846425.89890        5     0 0  1 2  2 0
  -85846425.8988989     
   111   -13912278.64832        5     1 0  0 1  3 0
  -13912278.6483184     
   112   -6868314.533354        5     0 1  0 1  3 0
  -6868314.53335443     
   113   -6786035.009345        5     0 0  1 0  4 0
  -6786035.00934517     
   114    403226950.1849        5     0 0  0 5  0 0
   403226950.184892     
   115    1401735360.862        5     0 0  0 3  2 0
   1401735360.86199     
   116    123267653.9252        5     0 0  0 1  4 0
   123267653.925168     
                                      

 etall    1, NO =    5, NV =    6, INA =   28
 *********************************************

    I  COEFFICIENT          ORDER   EXPONENTS
     1  -0.1211380950244E-02    1     0 0  1 0  0 0
 -1.211380950244495E-003
     2  -0.9999057913363        1     0 0  0 1  0 0
 -0.999905791336346     
     3  -0.7460991768185E-01    2     1 0  1 0  0 0
 -7.460991768184633E-002
     4  -0.6538413651696        2     0 1  1 0  0 0
 -0.653841365169648     
     5  -0.7583551746438        2     1 0  0 1  0 0
 -0.758355174643789     
     6   0.5895226735190        2     0 1  0 1  0 0
  0.589522673519006     
     7   -12.94290821380        2     0 0  1 0  1 0
  -12.9429082138029     
     8    1.913649109193        2     0 0  0 1  1 0
   1.91364910919343     
     9    33.86401451913        3     2 0  1 0  0 0
   33.8640145191320     
    10    2.070180873656        3     1 1  1 0  0 0
   2.07018087365560     
    11    218.4731478392        3     0 2  1 0  0 0
   218.473147839243     
    12    6.787430333954        3     0 0  3 0  0 0
   6.78743033395426     
    13    13.30354873136        3     2 0  0 1  0 0
   13.3035487313561     
    14    161.3604920065        3     1 1  0 1  0 0
   161.360492006456     
    15   -139.9945292326        3     0 2  0 1  0 0
  -139.994529232609     
    16   -1.131674886476        3     0 0  2 1  0 0
  -1.13167488647592     
    17   -3.088887664883        3     1 0  1 0  1 0
  -3.08888766488276     
    18    78.19257836275        3     0 1  1 0  1 0
   78.1925783627536     
    19    969.1984421706        3     0 0  1 2  0 0
   969.198442170615     
    20    170.9331031721        3     1 0  0 1  1 0
   170.933103172092     
    21    625.2550948945        3     0 1  0 1  1 0
   625.255094894538     
    22    482.1240051817        3     0 0  1 0  2 0
   482.124005181678     
    23   -143.2542322574        3     0 0  0 3  0 0
  -143.254232257353     
    24    9729.907008886        3     0 0  0 1  2 0
   9729.90700888646     
    25   -28.03837848522        4     3 0  1 0  0 0
  -28.0383784852180     
    26   -179.7649947461        4     2 1  1 0  0 0
  -179.764994746129     
    27    950.3090973184        4     1 2  1 0  0 0
   950.309097318442     
    28   -32.05947993309        4     0 3  1 0  0 0
  -32.0594799330866     
    29   -8.507370265697        4     1 0  3 0  0 0
  -8.50737026569745     
    30   -25.10007834938        4     0 1  3 0  0 0
  -25.1000783493820     
    31   -420.0306520653        4     3 0  0 1  0 0
  -420.030652065280     
    32   -2680.658005809        4     2 1  0 1  0 0
  -2680.65800580870     
    33   -3072.228393805        4     1 2  0 1  0 0
  -3072.22839380466     
    34   -13707.04060096        4     0 3  0 1  0 0
  -13707.0406009619     
    35   -57.68715881940        4     1 0  2 1  0 0
  -57.6871588194048     
    36    319.3042890741        4     0 1  2 1  0 0
   319.304289074087     
    37   -1324.452759214        4     2 0  1 0  1 0
  -1324.45275921446     
    38    299.0870508246        4     1 1  1 0  1 0
   299.087050824632     
    39   -8770.939944146        4     0 2  1 0  1 0
  -8770.93994414630     
    40   -820.5083421701        4     0 0  3 0  1 0
  -820.508342170102     
    41    2875.360180032        4     1 0  1 2  0 0
   2875.36018003188     
    42   -291.9151578442        4     0 1  1 2  0 0
  -291.915157844163     
    43   -67208.96950406        4     2 0  0 1  1 0
  -67208.9695040555     
    44   -1838.148036089        4     1 1  0 1  1 0
  -1838.14803608887     
    45   -360606.3751384        4     0 2  0 1  1 0
  -360606.375138428     
    46   -8879.640686829        4     0 0  2 1  1 0
  -8879.64068682909     
    47    1523.749071385        4     1 0  1 0  2 0
   1523.74907138478     
    48    2116.483681473        4     0 1  1 0  2 0
   2116.48368147288     
    49   -12930.77795129        4     1 0  0 3  0 0
  -12930.7779512933     
    50   -54891.83205217        4     0 1  0 3  0 0
  -54891.8320521697     
    51   -50796.75274066        4     0 0  1 2  1 0
  -50796.7527406568     
    52   -10105.88603607        4     1 0  0 1  2 0
  -10105.8860360704     
    53   -33416.40110313        4     0 1  0 1  2 0
  -33416.4011031267     
    54    17111.28647189        4     0 0  1 0  3 0
   17111.2864718894     
    55   -1493495.333822        4     0 0  0 3  1 0
  -1493495.33382218     
    56   -235041.5959564        4     0 0  0 1  3 0
  -235041.595956373     
    57   -1163.462604402        5     4 0  1 0  0 0
  -1163.46260440241     
    58    2997.709510303        5     3 1  1 0  0 0
   2997.70951030317     
    59    25719.15752225        5     2 2  1 0  0 0
   25719.1575222510     
    60   -52555.48334103        5     1 3  1 0  0 0
  -52555.4833410261     
    61    34049.66489615        5     0 4  1 0  0 0
   34049.6648961504     
    62    648.0558859073        5     2 0  3 0  0 0
   648.055885907254     
    63    2051.427874164        5     1 1  3 0  0 0
   2051.42787416395     
    64    6441.516488688        5     0 2  3 0  0 0
   6441.51648868775     
    65    274.0830898759        5     0 0  5 0  0 0
   274.083089875933     
    66    103739.0279093        5     4 0  0 1  0 0
   103739.027909282     
    67    30369.26981605        5     3 1  0 1  0 0
   30369.2698160508     
    68    1188668.414712        5     2 2  0 1  0 0
   1188668.41471191     
    69    94742.20648812        5     1 3  0 1  0 0
   94742.2064881207     
    70    3401225.729669        5     0 4  0 1  0 0
   3401225.72966897     
    71    58027.09441476        5     2 0  2 1  0 0
   58027.0944147622     
    72   -7038.238056323        5     1 1  2 1  0 0
  -7038.23805632272     
    73    146556.8609902        5     0 2  2 1  0 0
   146556.860990195     
    74    3230.262911537        5     0 0  4 1  0 0
   3230.26291153677     
    75   -12918.07887030        5     3 0  1 0  1 0
  -12918.0788702992     
    76    5301.725071204        5     2 1  1 0  1 0
   5301.72507120403     
    77   -25986.03677852        5     1 2  1 0  1 0
  -25986.0367785223     
    78   -371202.4911289        5     0 3  1 0  1 0
  -371202.491128941     
    79    494.4972876103        5     1 0  3 0  1 0
   494.497287610334     
    80    751.7896945169        5     0 1  3 0  1 0
   751.789694516886     
    81   -46383.66321729        5     2 0  1 2  0 0
  -46383.6632172925     
    82   -692607.0150039        5     1 1  1 2  0 0
  -692607.015003933     
    83    451216.4596442        5     0 2  1 2  0 0
   451216.459644156     
    84    55015.04268464        5     0 0  3 2  0 0
   55015.0426846361     
    85    40764.37590888        5     3 0  0 1  1 0
   40764.3759088815     
    86    365008.7880821        5     2 1  0 1  1 0
   365008.788082131     
    87   -1653739.593772        5     1 2  0 1  1 0
  -1653739.59377208     
    88    349253.1814895        5     0 3  0 1  1 0
   349253.181489502     
    89    54598.22067894        5     1 0  2 1  1 0
   54598.2206789368     
    90   -41533.05579400        5     0 1  2 1  1 0
  -41533.0557939994     
    91   -214733.5338754        5     2 0  1 0  2 0
  -214733.533875409     
    92   -245623.1345912        5     1 1  1 0  2 0
  -245623.134591175     
    93   -1910657.627486        5     0 2  1 0  2 0
  -1910657.62748552     
    94    26494.53872523        5     0 0  3 0  2 0
   26494.5387252349     
    95    4734051.860646        5     2 0  0 3  0 0
   4734051.86064590     
    96    343994.4420080        5     1 1  0 3  0 0
   343994.442007975     
    97    28403227.63381        5     0 2  0 3  0 0
   28403227.6338096     
    98    719344.3241310        5     0 0  2 3  0 0
   719344.324130990     
    99   -551402.7395075        5     1 0  1 2  1 0
  -551402.739507494     
   100   -2542176.733623        5     0 1  1 2  1 0
  -2542176.73362344     
   101    1198405.400534        5     2 0  0 1  2 0
   1198405.40053429     
   102   -3068850.046998        5     1 1  0 1  2 0
  -3068850.04699849     
   103    8124031.153051        5     0 2  0 1  2 0
   8124031.15305145     
   104    1068583.650587        5     0 0  2 1  2 0
   1068583.65058706     
   105   -27995.41692053        5     1 0  1 0  3 0
  -27995.4169205284     
   106   -382883.7850835        5     0 1  1 0  3 0
  -382883.785083532     
   107    1388255.085191        5     0 0  1 4  0 0
   1388255.08519080     
   108   -4462703.910888        5     1 0  0 3  1 0
  -4462703.91088796     
   109   -2179884.683492        5     0 1  0 3  1 0
  -2179884.68349157     
   110   -8833201.818552        5     0 0  1 2  2 0
  -8833201.81855199     
   111   -606241.3922867        5     1 0  0 1  3 0
  -606241.392286662     
   112   -3651496.054182        5     0 1  0 1  3 0
  -3651496.05418163     
   113   -743734.3058310        5     0 0  1 0  4 0
  -743734.305830962     
   114    57223702.44586        5     0 0  0 5  0 0
   57223702.4458592     
   115    8586968.685111        5     0 0  0 3  2 0
   8586968.68511144     
   116   -6707129.983220        5     0 0  0 1  4 0
  -6707129.98322006     
                                      

 etall    1, NO =    5, NV =    6, INA =   29
 *********************************************

    I  COEFFICIENT          ORDER   EXPONENTS
     1    1.000000000000        1     0 0  0 0  1 0
   1.00000000000000     
                                      

 etall    1, NO =    5, NV =    6, INA =   30
 *********************************************

    I  COEFFICIENT          ORDER   EXPONENTS
     1   0.1021405182655E-13    0     0 0  0 0  0 0
  1.021405182655144E-014
     2  -0.1554090696011E-02    1     1 0  0 0  0 0
 -1.554090696010657E-003
     3  -0.1361921864908E-01    1     0 1  0 0  0 0
 -1.361921864907528E-002
     4  -0.1167411266714E-01    1     0 0  0 0  1 0
 -1.167411266713607E-002
     5    1.000000000000        1     0 0  0 0  0 1
   1.00000000000000     
     6    17.76614939521        2     2 0  0 0  0 0
   17.7661493952115     
     7   0.5830542970234        2     1 1  0 0  0 0
  0.583054297023438     
     8    109.8738568593        2     0 2  0 0  0 0
   109.873856859325     
     9    6.472003518894        2     0 0  2 0  0 0
   6.47200351889387     
    10  -0.9956704943837E-01    2     0 0  1 1  0 0
 -9.956704943836847E-002
    11    1.622894999907        2     1 0  0 0  1 0
   1.62289499990722     
    12    14.22218272281        2     0 1  0 0  1 0
   14.2221827228059     
    13    753.4111445780        2     0 0  0 2  0 0
   753.411144578045     
    14    52.98419002094        2     0 0  0 0  2 0
   52.9841900209410     
    15   -22.14188151031        3     3 0  0 0  0 0
  -22.1418815103129     
    16    80.53904734865        3     2 1  0 0  0 0
   80.5390473486524     
    17   -62.53463198694        3     1 2  0 0  0 0
  -62.5346319869408     
    18   -156.1927492995        3     0 3  0 0  0 0
  -156.192749299491     
    19   -14.52497436727        3     1 0  2 0  0 0
  -14.5249743672683     
    20   -27.31131554267        3     0 1  2 0  0 0
  -27.3113155426720     
    21   -35.26281925108        3     1 0  1 1  0 0
  -35.2628192510849     
    22    533.3869057847        3     0 1  1 1  0 0
   533.386905784701     
    23   -572.4420816459        3     2 0  0 0  1 0
  -572.442081645943     
    24    523.3372389321        3     1 1  0 0  1 0
   523.337238932065     
    25   -1465.338222001        3     0 2  0 0  1 0
  -1465.33822200138     
    26   -470.4473354656        3     0 0  2 0  1 0
  -470.447335465595     
    27    690.6806568876        3     1 0  0 2  0 0
   690.680656887626     
    28    1570.287892309        3     0 1  0 2  0 0
   1570.28789230946     
    29    102.3345316011        3     0 0  1 1  1 0
   102.334531601098     
    30    259.8660906829        3     1 0  0 0  2 0
   259.866090682863     
    31    1124.032538767        3     0 1  0 0  2 0
   1124.03253876728     
    32    19221.19976573        3     0 0  0 2  1 0
   19221.1997657260     
    33   -379.1844500871        3     0 0  0 0  3 0
  -379.184450087073     
    34   -37.54297676051        4     4 0  0 0  0 0
  -37.5429767605122     
    35    533.7469756076        4     3 1  0 0  0 0
   533.746975607633     
    36    9883.223962086        4     2 2  0 0  0 0
   9883.22396208587     
    37   -32749.84585062        4     1 3  0 0  0 0
  -32749.8458506236     
    38   -1306.359012001        4     0 4  0 0  0 0
  -1306.35901200108     
    39    814.3364117621        4     2 0  2 0  0 0
   814.336411762108     
    40    1165.044935497        4     1 1  2 0  0 0
   1165.04493549712     
    41    3556.702306215        4     0 2  2 0  0 0
   3556.70230621507     
    42    204.1778416249        4     0 0  4 0  0 0
   204.177841624850     
    43    21835.11010522        4     2 0  1 1  0 0
   21835.1101052157     
    44   -17387.66958145        4     1 1  1 1  0 0
  -17387.6695814474     
    45   -2709.434723898        4     0 2  1 1  0 0
  -2709.43472389846     
    46    1126.482445611        4     0 0  3 1  0 0
   1126.48244561097     
    47   -1126.327547683        4     3 0  0 0  1 0
  -1126.32754768265     
    48   -7521.741770257        4     2 1  0 0  1 0
  -7521.74177025711     
    49   -14080.49745202        4     1 2  0 0  1 0
  -14080.4974520243     
    50   -65334.34584542        4     0 3  0 0  1 0
  -65334.3458454194     
    51    1012.135900513        4     1 0  2 0  1 0
   1012.13590051251     
    52    5511.215022162        4     0 1  2 0  1 0
   5511.21502216158     
    53   -84310.02150779        4     2 0  0 2  0 0
  -84310.0215077948     
    54   -388846.9797914        4     1 1  0 2  0 0
  -388846.979791394     
    55   -208509.5497091        4     0 2  0 2  0 0
  -208509.549709115     
    56    24367.27244413        4     0 0  2 2  0 0
   24367.2724441335     
    57    65045.23575858        4     1 0  1 1  1 0
   65045.2357585818     
    58   -26873.22022086        4     0 1  1 1  1 0
  -26873.2202208561     
    59    14793.98798469        4     2 0  0 0  2 0
   14793.9879846853     
    60    16790.05317907        4     1 1  0 0  2 0
   16790.0531790653     
    61   -60518.37111804        4     0 2  0 0  2 0
  -60518.3711180431     
    62    37431.58553902        4     0 0  2 0  2 0
   37431.5855390241     
    63    25645.90132658        4     0 0  1 3  0 0
   25645.9013265772     
    64   -126573.4666473        4     1 0  0 2  1 0
  -126573.466647319     
    65   -791784.0514507        4     0 1  0 2  1 0
  -791784.051450711     
    66    472006.8940862        4     0 0  1 1  2 0
   472006.894086175     
    67    10223.49290228        4     1 0  0 0  3 0
   10223.4929022833     
    68   -46411.21287348        4     0 1  0 0  3 0
  -46411.2128734795     
    69   -1855739.752131        4     0 0  0 4  0 0
  -1855739.75213118     
    70   -1227631.537025        4     0 0  0 2  2 0
  -1227631.53702499     
    71    5416.205498765        4     0 0  0 0  4 0
   5416.20549876497     
    72   -8966.043253268        5     5 0  0 0  0 0
  -8966.04325326786     
    73    76905.71973997        5     4 1  0 0  0 0
   76905.7197399658     
    74    142287.1098116        5     3 2  0 0  0 0
   142287.109811644     
    75    231602.2496073        5     2 3  0 0  0 0
   231602.249607339     
    76    1236587.400384        5     1 4  0 0  0 0
   1236587.40038446     
    77   -77150.76424566        5     0 5  0 0  0 0
  -77150.7642456595     
    78   -1697.939345949        5     3 0  2 0  0 0
  -1697.93934594927     
    79    7342.784459254        5     2 1  2 0  0 0
   7342.78445925432     
    80    65310.64855683        5     1 2  2 0  0 0
   65310.6485568278     
    81   -64295.56695931        5     0 3  2 0  0 0
  -64295.5669593055     
    82   -272.6032595104        5     1 0  4 0  0 0
  -272.603259510417     
    83   -2713.330845916        5     0 1  4 0  0 0
  -2713.33084591618     
    84   -177425.4395902        5     3 0  1 1  0 0
  -177425.439590244     
    85   -224561.7085903        5     2 1  1 1  0 0
  -224561.708590327     
    86   -864328.8479534        5     1 2  1 1  0 0
  -864328.847953434     
    87   -618927.2444806        5     0 3  1 1  0 0
  -618927.244480607     
    88   -25944.29230527        5     1 0  3 1  0 0
  -25944.2923052671     
    89    11081.07988699        5     0 1  3 1  0 0
   11081.0798869871     
    90   -93469.75406844        5     4 0  0 0  1 0
  -93469.7540684411     
    91   -146692.9054919        5     3 1  0 0  1 0
  -146692.905491899     
    92   -130234.0236773        5     2 2  0 0  1 0
  -130234.023677284     
    93   -845449.1318992        5     1 3  0 0  1 0
  -845449.131899219     
    94    3388815.821804        5     0 4  0 0  1 0
   3388815.82180414     
    95   -103120.6133760        5     2 0  2 0  1 0
  -103120.613376006     
    96   -104910.2969766        5     1 1  2 0  1 0
  -104910.296976612     
    97   -366433.7362405        5     0 2  2 0  1 0
  -366433.736240501     
    98   -38790.78957642        5     0 0  4 0  1 0
  -38790.7895764212     
    99   -450627.9991401        5     3 0  0 2  0 0
  -450627.999140117     
   100    4461439.838793        5     2 1  0 2  0 0
   4461439.83879322     
   101    7009990.571041        5     1 2  0 2  0 0
   7009990.57104112     
   102    6042680.859096        5     0 3  0 2  0 0
   6042680.85909583     
   103    57797.85694893        5     1 0  2 2  0 0
   57797.8569489260     
   104   -74884.59998877        5     0 1  2 2  0 0
  -74884.5999887681     
   105   -4143414.104943        5     2 0  1 1  1 0
  -4143414.10494312     
   106   -259427.3262169        5     1 1  1 1  1 0
  -259427.326216850     
   107   -17550123.36080        5     0 2  1 1  1 0
  -17550123.3608000     
   108   -590447.7422721        5     0 0  3 1  1 0
  -590447.742272069     
   109   -235066.4911856        5     3 0  0 0  2 0
  -235066.491185634     
   110   -320603.5141700        5     2 1  0 0  2 0
  -320603.514170035     
   111   -662117.3555171        5     1 2  0 0  2 0
  -662117.355517073     
   112    2911790.538162        5     0 3  0 0  2 0
   2911790.53816170     
   113    135289.7149562        5     1 0  2 0  2 0
   135289.714956164     
   114   -448841.0656515        5     0 1  2 0  2 0
  -448841.065651470     
   115   -3914420.698819        5     1 0  1 3  0 0
  -3914420.69881891     
   116   -3566993.430943        5     0 1  1 3  0 0
  -3566993.43094251     
   117   -1490753.673265        5     2 0  0 2  1 0
  -1490753.67326546     
   118   -5765928.350820        5     1 1  0 2  1 0
  -5765928.35082003     
   119    32889338.94810        5     0 2  0 2  1 0
   32889338.9480976     
   120   -6105081.951665        5     0 0  2 2  1 0
  -6105081.95166493     
   121   -5131984.180014        5     1 0  1 1  2 0
  -5131984.18001407     
   122   -11851575.94177        5     0 1  1 1  2 0
  -11851575.9417671     
   123   -39661.50072496        5     2 0  0 0  3 0
  -39661.5007249649     
   124   -3452687.486125        5     1 1  0 0  3 0
  -3452687.48612532     
   125   -1891700.156360        5     0 2  0 0  3 0
  -1891700.15635983     
   126   -1539885.500460        5     0 0  2 0  3 0
  -1539885.50046027     
   127   -2461254.936540        5     1 0  0 4  0 0
  -2461254.93653996     
   128    36101113.38790        5     0 1  0 4  0 0
   36101113.3879020     
   129   -73492717.76891        5     0 0  1 3  1 0
  -73492717.7689102     
   130   -37483609.10206        5     1 0  0 2  2 0
  -37483609.1020593     
   131    16346644.78542        5     0 1  0 2  2 0
   16346644.7854192     
   132   -47558759.10735        5     0 0  1 1  3 0
  -47558759.1073486     
   133   -742187.2318574        5     1 0  0 0  4 0
  -742187.231857417     
   134   -894954.5160501        5     0 1  0 0  4 0
  -894954.516050090     
   135    103694267.7529        5     0 0  0 4  1 0
   103694267.752895     
   136   -97962430.01577        5     0 0  0 2  3 0
  -97962430.0157723     
   137   -195899.9388294        5     0 0  0 0  5 0
  -195899.938829383     
                                      
