
 etall    1, NO =   10, NV =    6, INA =   21
 *********************************************

    I  COEFFICIENT          ORDER   EXPONENTS
     1    1.000000000000        1     1 0  0 0  0 0
   1.00000000000000     
     2    3.000000000000        1     0 1  0 0  0 0
   3.00000000000000     
     3   -3.000000391680        2     0 1  0 0  1 0
  -3.00000039167991     
     4    3.000001175040        3     0 1  0 0  2 0
   3.00000117503979     
     5   -3.000002350080        4     0 1  0 0  3 0
  -3.00000235007982     
     6    3.000003916800        5     0 1  0 0  4 0
   3.00000391680021     
     7   -3.000005875201        6     0 1  0 0  5 0
  -3.00000587520127     
     8    3.000008225283        7     0 1  0 0  6 0
   3.00000822528339     
     9   -3.000010967047        8     0 1  0 0  7 0
  -3.00001096704703     
    10    3.000014100493        9     0 1  0 0  8 0
   3.00001410049273     
    11   -3.000017625621       10     0 1  0 0  9 0
  -3.00001762562110     
                                      

 etall    1, NO =   10, NV =    6, INA =   25
 *********************************************

    I  COEFFICIENT          ORDER   EXPONENTS
     1    1.000000000000        1     0 1  0 0  0 0
   1.00000000000000     
                                      

 etall    1, NO =   10, NV =    6, INA =   26
 *********************************************

    I  COEFFICIENT          ORDER   EXPONENTS
     1    1.000000000000        1     0 0  1 0  0 0
   1.00000000000000     
     2    3.000000000000        1     0 0  0 1  0 0
   3.00000000000000     
     3   -3.000000391680        2     0 0  0 1  1 0
  -3.00000039167991     
     4    3.000001175040        3     0 0  0 1  2 0
   3.00000117503979     
     5   -3.000002350080        4     0 0  0 1  3 0
  -3.00000235007982     
     6    3.000003916800        5     0 0  0 1  4 0
   3.00000391680021     
     7   -3.000005875201        6     0 0  0 1  5 0
  -3.00000587520127     
     8    3.000008225283        7     0 0  0 1  6 0
   3.00000822528339     
     9   -3.000010967047        8     0 0  0 1  7 0
  -3.00001096704703     
    10    3.000014100493        9     0 0  0 1  8 0
   3.00001410049273     
    11   -3.000017625621       10     0 0  0 1  9 0
  -3.00001762562110     
                                      

 etall    1, NO =   10, NV =    6, INA =   27
 *********************************************

    I  COEFFICIENT          ORDER   EXPONENTS
     1    1.000000000000        1     0 0  0 1  0 0
   1.00000000000000     
                                      

 etall    1, NO =   10, NV =    6, INA =   28
 *********************************************

    I  COEFFICIENT          ORDER   EXPONENTS
     1    1.000000000000        1     0 0  0 0  1 0
   1.00000000000000     
                                      

 etall    1, NO =   10, NV =    6, INA =   29
 *********************************************

    I  COEFFICIENT          ORDER   EXPONENTS
     1  -0.7833598627549E-06    1     0 0  0 0  1 0
 -7.833598627549065E-007
     2    1.000000000000        1     0 0  0 0  0 1
   1.00000000000000     
     3    1.500000195840        2     0 2  0 0  0 0
   1.50000019583995     
     4    1.500000195840        2     0 0  0 2  0 0
   1.50000019583995     
     5   0.1175039948009E-05    2     0 0  0 0  2 0
  1.175039948009271E-006
     6   -3.000001175040        3     0 2  0 0  1 0
  -3.00000117503979     
     7   -3.000001175040        3     0 0  0 2  1 0
  -3.00000117503979     
     8  -0.1566720237101E-05    3     0 0  0 0  3 0
 -1.566720237100583E-006
     9    4.500003525120        4     0 2  0 0  2 0
   4.50000352511973     
    10    4.500003525120        4     0 0  0 2  2 0
   4.50000352511973     
    11   0.1958400807300E-05    4     0 0  0 0  4 0
  1.958400807300364E-006
    12   -6.000007833600        5     0 2  0 0  3 0
  -6.00000783360042     
    13   -6.000007833600        5     0 0  0 2  3 0
  -6.00000783360042     
    14  -0.2350081736768E-05    5     0 0  0 0  5 0
 -2.350081736768317E-006
    15    7.500014688003        6     0 2  0 0  4 0
   7.50001468800319     
    16    7.500014688003        6     0 0  0 2  4 0
   7.50001468800319     
    17   0.2741763100111E-05    6     0 0  0 0  6 0
  2.741763100111427E-006
    18   -9.000024675850        7     0 2  0 0  5 0
  -9.00002467585018     
    19   -9.000024675850        7     0 0  0 2  5 0
  -9.00002467585018     
    20  -0.3133444978154E-05    7     0 0  0 0  7 0
 -3.133444978153932E-006
    21    10.50003838466        8     0 2  0 0  6 0
   10.5000383846646     
    22    10.50003838466        8     0 0  0 2  6 0
   10.5000383846646     
    23   0.3525127442838E-05    8     0 0  0 0  8 0
  3.525127442838283E-006
    24   -12.00005640197        9     0 2  0 0  7 0
  -12.0000564019710     
    25   -12.00005640197        9     0 0  0 2  7 0
  -12.0000564019710     
    26  -0.3916810573656E-05    9     0 0  0 0  9 0
 -3.916810573656448E-006
    27    13.50007931529       10     0 2  0 0  8 0
   13.5000793152949     
    28    13.50007931529       10     0 0  0 2  8 0
   13.5000793152949     
    29   0.4308494447436E-05   10     0 0  0 0 10 0
  4.308494447435862E-006
                                      
