
 etall    1, NO =   10, NV =    6, INA =   21
 *********************************************

    I  COEFFICIENT          ORDER   EXPONENTS
     1  -0.5231338942889        1     1 0  0 0  0 0
 -0.523133894288857     
     2    1.205264227169        1     0 1  0 0  0 0
   1.20526422716861     
     3   0.9039482883959        2     1 0  0 0  1 0
  0.903948288395906     
     4   0.1820687534466        2     0 1  0 0  1 0
  0.182068753446610     
     5  -0.3840251070787        3     1 0  0 0  2 0
 -0.384025107078664     
     6   -1.206929014659        3     0 1  0 0  2 0
  -1.20692901465895     
     7  -0.4563915814525E-01    4     1 0  0 0  3 0
 -4.563915814524941E-002
     8    1.911982243086        4     0 1  0 0  3 0
   1.91198224308639     
     9   0.3928199828004        5     1 0  0 0  4 0
  0.392819982800369     
    10   -2.336118843120        5     0 1  0 0  4 0
  -2.33611884311965     
    11  -0.6648910061798        6     1 0  0 0  5 0
 -0.664891006179758     
    12    2.515647996794        6     0 1  0 0  5 0
   2.51564799679435     
    13   0.8688378556277        7     1 0  0 0  6 0
  0.868837855627652     
    14   -2.484405971007        7     0 1  0 0  6 0
  -2.48440597100676     
    15   -1.011271632507        8     1 0  0 0  7 0
  -1.01127163250722     
    16    2.273861296385        8     0 1  0 0  7 0
   2.27386129638455     
    17    1.098442066021        9     1 0  0 0  8 0
   1.09844206602084     
    18   -1.913216883605        9     0 1  0 0  8 0
  -1.91321688360493     
    19   -1.136250340964       10     1 0  0 0  9 0
  -1.13625034096380     
    20    1.429509141904       10     0 1  0 0  9 0
   1.42950914190425     
                                      

 etall    1, NO =   10, NV =    6, INA =   25
 *********************************************

    I  COEFFICIENT          ORDER   EXPONENTS
     1  -0.6026321135843        1     1 0  0 0  0 0
 -0.602632113584307     
     2  -0.5231338942889        1     0 1  0 0  0 0
 -0.523133894288857     
     3  -0.6936665671605        2     1 0  0 0  1 0
 -0.693666567160497     
     4   0.9039482883959        2     0 1  0 0  1 0
  0.903948288395905     
     5   0.5126481130426        3     1 0  0 0  2 0
  0.512648113042614     
     6  -0.3840251070787        3     0 1  0 0  2 0
 -0.384025107078664     
     7  -0.3524940796086        4     1 0  0 0  3 0
 -0.352494079608566     
     8  -0.4563915814525E-01    4     0 1  0 0  3 0
 -4.563915814524904E-002
     9   0.2118502045047        5     1 0  0 0  4 0
  0.211850204504661     
    10   0.3928199828004        5     0 1  0 0  4 0
  0.392819982800370     
    11  -0.8941846979394E-01    6     1 0  0 0  5 0
 -8.941846979394283E-002
    12  -0.6648910061798        6     0 1  0 0  5 0
 -0.664891006179758     
    13  -0.1604451545322E-01    7     1 0  0 0  6 0
 -1.604451545321843E-002
    14   0.8688378556277        7     0 1  0 0  6 0
  0.868837855627652     
    15   0.1057290985910        8     1 0  0 0  7 0
  0.105729098591019     
    16   -1.011271632507        8     0 1  0 0  7 0
  -1.01127163250722     
    17  -0.1807741333946        9     1 0  0 0  8 0
 -0.180774133394574     
    18    1.098442066021        9     0 1  0 0  8 0
   1.09844206602084     
    19   0.2422684971560       10     1 0  0 0  9 0
  0.242268497155961     
    20   -1.136250340964       10     0 1  0 0  9 0
  -1.13625034096380     
                                      

 etall    1, NO =   10, NV =    6, INA =   26
 *********************************************

    I  COEFFICIENT          ORDER   EXPONENTS
     1    4.231008983290        1     0 0  1 0  0 0
   4.23100898329027     
     2    5.814023910629        1     0 0  0 1  0 0
   5.81402391062902     
     3   -4.360518502281        2     0 0  1 0  1 0
  -4.36051850228085     
     4   -9.253526647098        2     0 0  0 1  1 0
  -9.25352664709839     
     5    5.648759141690        3     0 0  1 0  2 0
   5.64875914169025     
     6    13.38045495878        3     0 0  0 1  2 0
   13.3804549587806     
     7   -7.108761993011        4     0 0  1 0  3 0
  -7.10876199301106     
     8   -18.26444353196        4     0 0  0 1  3 0
  -18.2644435319609     
     9    8.753329913467        5     0 0  1 0  4 0
   8.75332991346651     
    10    23.97809290881        5     0 0  0 1  4 0
   23.9780929088051     
    11   -10.59586931456        6     0 0  1 0  5 0
  -10.5958693145605     
    12   -30.59821034809        6     0 0  0 1  5 0
  -30.5982103480854     
    13    12.65040964506        7     0 0  1 0  6 0
   12.6504096450631     
    14    38.20597146489        7     0 0  0 1  6 0
   38.2059714648904     
    15   -14.93162332900        8     0 0  1 0  7 0
  -14.9316233290032     
    16   -46.88708625978        8     0 0  0 1  7 0
  -46.8870862597782     
    17    17.45484616667        9     0 0  1 0  8 0
   17.4548461666722     
    18    56.73196962556        9     0 0  0 1  8 0
   56.7319696255647     
    19   -20.23609820675       10     0 0  1 0  9 0
  -20.2360982067495     
    20   -67.83591642130       10     0 0  0 1  9 0
  -67.8359164213040     
                                      

 etall    1, NO =   10, NV =    6, INA =   27
 *********************************************

    I  COEFFICIENT          ORDER   EXPONENTS
     1    2.907011955315        1     0 0  1 0  0 0
   2.90701195531451     
     2    4.231008983290        1     0 0  0 1  0 0
   4.23100898329027     
     3   -1.719750979987        2     0 0  1 0  1 0
  -1.71975097998681     
     4   -4.360518502281        2     0 0  0 1  1 0
  -4.36051850228085     
     5    2.064511444519        3     0 0  1 0  2 0
   2.06451144451860     
     6    5.648759141690        3     0 0  0 1  2 0
   5.64875914169025     
     7   -2.443658906505        4     0 0  1 0  3 0
  -2.44365890650461     
     8   -7.108761993011        4     0 0  0 1  3 0
  -7.10876199301107     
     9    2.859229489184        5     0 0  1 0  4 0
   2.85922948918389     
    10    8.753329913467        5     0 0  0 1  4 0
   8.75332991346651     
    11   -3.313338663894        6     0 0  1 0  5 0
  -3.31333866389365     
    12   -10.59586931456        6     0 0  0 1  5 0
  -10.5958693145605     
    13    3.808183427579        7     0 0  1 0  6 0
   3.80818342757895     
    14    12.65040964506        7     0 0  0 1  6 0
   12.6504096450631     
    15   -4.346044524435        8     0 0  1 0  7 0
  -4.34604452443465     
    16   -14.93162332900        8     0 0  0 1  7 0
  -14.9316233290032     
    17    4.929288712364        9     0 0  1 0  8 0
   4.92928871236417     
    18    17.45484616667        9     0 0  0 1  8 0
   17.4548461666722     
    19   -5.560371074947       10     0 0  1 0  9 0
  -5.56037107494731     
    20   -20.23609820675       10     0 0  0 1  9 0
  -20.2360982067495     
                                      

 etall    1, NO =   10, NV =    6, INA =   28
 *********************************************

    I  COEFFICIENT          ORDER   EXPONENTS
     1    1.000000000000        1     0 0  0 0  1 0
   1.00000000000000     
                                      

 etall    1, NO =   10, NV =    6, INA =   29
 *********************************************

    I  COEFFICIENT          ORDER   EXPONENTS
     1   0.3469446951954E-17    0     0 0  0 0  0 0
  3.469446951953614E-018
     2  -0.7833598629770E-06    1     0 0  0 0  1 0
 -7.833598629769516E-007
     3    1.000000000000        1     0 0  0 0  0 1
   1.00000000000000     
     4   0.4538143801118        2     2 0  0 0  0 0
  0.453814380111797     
     5  -0.3631655106371        2     1 1  0 0  0 0
 -0.363165510637105     
     6   0.5923714356164        2     0 2  0 0  0 0
  0.592371435616362     
     7    2.699898786077        2     0 0  2 0  0 0
   2.69989878607705     
     8    8.450719636983        2     0 0  1 1  0 0
   8.45071963698269     
     9    6.899797767994        2     0 0  0 2  0 0
   6.89979776799404     
    10   0.1175039948009E-05    2     0 0  0 0  2 0
  1.175039948009271E-006
    11  -0.4996094657241        3     2 0  0 0  1 0
 -0.499609465724071     
    12  -0.1094577512744        3     1 1  0 0  1 0
 -0.109457751274394     
    13   -1.094237199465        3     0 2  0 0  1 0
  -1.09423719946526     
    14   -7.686043889722        3     0 0  2 0  1 0
  -7.68604388972191     
    15   -26.89402363052        3     0 0  1 1  1 0
  -26.8940236305242     
    16   -23.77080441594        3     0 0  0 2  1 0
  -23.7708044159404     
    17  -0.1566720237545E-05    3     0 0  0 0  3 0
 -1.566720237544672E-006
    18   0.3338579706680        4     2 0  0 0  2 0
  0.333857970667953     
    19   0.7191255420156        4     1 1  0 0  2 0
  0.719125542015604     
    20    1.928364430189        4     0 2  0 0  2 0
   1.92836443018870     
    21    15.84522933229        4     0 0  2 0  2 0
   15.8452293322941     
    22    60.28471602058        4     0 0  1 1  2 0
   60.2847160205766     
    23    56.95715777229        4     0 0  0 2  2 0
   56.9571577722946     
    24   0.1958400807522E-05    4     0 0  0 0  4 0
  1.958400807522410E-006
    25  -0.9849495008112E-01    5     2 0  0 0  3 0
 -9.849495008111615E-002
    26   -1.042869524649        5     1 1  0 0  3 0
  -1.04286952464907     
    27   -3.233944690586        5     0 2  0 0  3 0
  -3.23394469058613     
    28   -28.26689863536        5     0 0  2 0  3 0
  -28.2668986353646     
    29   -114.9597801261        5     0 0  1 1  3 0
  -114.959780126140     
    30   -114.9802395944        5     0 0  0 2  3 0
  -114.980239594381     
    31  -0.2350081737212E-05    5     0 0  0 0  5 0
 -2.350081737212405E-006
    32  -0.1094038194872        6     2 0  0 0  4 0
 -0.109403819487243     
    33   0.8703497340704        6     1 1  0 0  4 0
  0.870349734070425     
    34    4.956170987660        6     0 2  0 0  4 0
   4.95617098766009     
    35    46.27385966919        6     0 0  2 0  4 0
   46.2738596691891     
    36    198.8863638410        6     0 0  1 1  4 0
   198.886363840952     
    37    209.0047688807        6     0 0  0 2  4 0
   209.004768880657     
    38   0.2741763099889E-05    6     0 0  0 0  6 0
  2.741763099889383E-006
    39   0.2291301800047        7     2 0  0 0  5 0
  0.229130180004694     
    40  -0.1501621457114        7     1 1  0 0  5 0
 -0.150162145711364     
    41   -6.918870630849        7     0 2  0 0  5 0
  -6.91887063084887     
    42   -71.45631660454        7     0 0  2 0  5 0
  -71.4563166045372     
    43   -321.9407639871        7     0 0  1 1  5 0
  -321.940763987148     
    44   -353.3728144714        7     0 0  0 2  5 0
  -353.372814471427     
    45  -0.3133444978820E-05    7     0 0  0 0  7 0
 -3.133444978820067E-006
    46  -0.2289323138907        8     2 0  0 0  6 0
 -0.228932313890735     
    47   -1.055397523603        8     1 1  0 0  6 0
  -1.05539752360300     
    48    8.882347774456        8     0 2  0 0  6 0
   8.88234777445648     
    49    105.7094870256        8     0 0  2 0  6 0
   105.709487025574     
    50    496.2212598572        8     0 0  1 1  6 0
   496.221259857223     
    51    566.2128754514        8     0 0  0 2  6 0
   566.212875451447     
    52   0.3525127443282E-05    8     0 0  0 0  8 0
  3.525127443282372E-006
    53   0.9958476838811E-01    9     2 0  0 0  7 0
  9.958476838811284E-002
    54    2.608034199967        9     1 1  0 0  7 0
   2.60803419996674     
    55   -10.58839217463        9     0 2  0 0  7 0
  -10.5883921746261     
    56   -151.2750890622        9     0 0  2 0  7 0
  -151.275089062178     
    57   -736.3978465715        9     0 0  1 1  7 0
  -736.397846571550     
    58   -870.1317452438        9     0 0  0 2  7 0
  -870.131745243758     
    59  -0.3916810573878E-05    9     0 0  0 0  9 0
 -3.916810573878496E-006
    60   0.1511524283005       10     2 0  0 0  8 0
  0.151152428300546     
    61   -4.324464744556       10     1 1  0 0  8 0
  -4.32446474455557     
    62    11.79422703827       10     0 2  0 0  8 0
   11.7942270382725     
    63    210.7870010402       10     0 0  2 0  8 0
   210.787001040218     
    64    1060.102130497       10     0 0  1 1  8 0
   1060.10213049680     
    65    1292.997477752       10     0 0  0 2  8 0
   1292.99747775245     
    66   0.4308494447214E-05   10     0 0  0 0 10 0
  4.308494447213818E-006
                                      
