-1	3	3	3	-1	-1	-1	3	-1	3	0	0	-1
-1	3	-1	-1	3	3	-1	3	-1	3	0	0	0
-1	3	-4	1.0	1.0	18	-0.99999	-1	802.991990043	2.99799002002	-803.991990043	0.0020099799751	0
-1	3	-4	1.0	1.0	18	-0.99999	-1	802.991990043	2.99799002002	-803.991990043	0.0020099799751	0
-1	3	-2.5	2.0	0.0	10.5	-1	1.0	7506.0	-197.0	-7507.0	200.0	0
-1	3	-2.5	2.0	0.0	10.5	-1	1.0	7506.0	-197.0	-7507.0	200.0	0
-1	3	-1.75	2.5	-0.5	6.75	-1	2.0	1142.0	-297.0	-1143.0	300.0	0
-1	3	-1.75	2.5	-0.5	6.75	-1	2.0	1142.0	-297.0	-1143.0	300.0	1
-1.375	2.75	-1.75	2.5	-1.125	4.625	-1	2.5	-254.8125	-347.5	253.0625	350.0	1
-1.375	2.75	-1.75	2.5	-1.125	4.625	-1	2.5	-254.8125	-347.5	253.0625	350.0	1
-1.5625	2.625	-1.75	2.5	-1.4375	3.5625	-1.375	2.5	-11.2734375	-144.375	9.5234375	146.875	1
-1.5625	2.625	-1.75	2.5	-1.4375	3.5625	-1.375	2.5	-11.2734375	-144.375	9.5234375	146.875	0
-1.5625	2.625	-1.65625	2.5625	-1.5	3.09375	-1.5625	2.5	170.668945312	-21.59375	-172.231445312	24.21875	0
-1.5625	2.625	-1.65625	2.5625	-1.5	3.09375	-1.5625	2.5	170.668945312	-21.59375	-172.231445312	24.21875	0
-1.5625	2.625	-1.609375	2.59375	-1.53125	2.859375	-1.5625	2.5625	22.8304443359	-27.84375	-24.3929443359	30.46875	0
-1.5625	2.625	-1.609375	2.59375	-1.53125	2.859375	-1.5625	2.5625	22.8304443359	-27.84375	-24.3929443359	30.46875	1
-1.5859375	2.609375	-1.609375	2.59375	-1.5703125	2.7265625	-1.5625	2.59375	-45.9206085205	-31.0	44.3112335205	33.59375	1
-1.5859375	2.609375	-1.609375	2.59375	-1.5703125	2.7265625	-1.5625	2.59375	-45.9206085205	-31.0	44.3112335205	33.59375	1
-1.59765625	2.6015625	-1.609375	2.59375	-1.58984375	2.66015625	-1.5859375	2.59375	-22.6841182709	-14.6791992188	21.0747432709	17.2729492188	1
-1.59765625	2.6015625	-1.609375	2.59375	-1.58984375	2.66015625	-1.5859375	2.59375	-22.6841182709	-14.6791992188	21.0747432709	17.2729492188	1
-1.603515625	2.59765625	-1.609375	2.59375	-1.599609375	2.626953125	-1.59765625	2.59375	-10.804035902	-6.43640136719	9.19466090202	9.03015136719	1
-1.603515625	2.59765625	-1.609375	2.59375	-1.599609375	2.626953125	-1.59765625	2.59375	-10.804035902	-6.43640136719	9.19466090202	9.03015136719	1
-1.6064453125	2.595703125	-1.609375	2.59375	-1.6044921875	2.6103515625	-1.603515625	2.59375	-4.79811295867	-2.29440307617	3.18873795867	4.88815307617	1
-1.6064453125	2.595703125	-1.609375	2.59375	-1.6044921875	2.6103515625	-1.603515625	2.59375	-4.79811295867	-2.29440307617	3.18873795867	4.88815307617	1
-1.60791015625	2.5947265625	-1.609375	2.59375	-1.60693359375	2.60205078125	-1.6064453125	2.59375	-1.77862824127	-0.218254089355	0.169253241271	2.81200408936	1
-1.60791015625	2.5947265625	-1.609375	2.59375	-1.60693359375	2.60205078125	-1.6064453125	2.59375	-1.77862824127	-0.218254089355	0.169253241271	2.81200408936	0
-1.60791015625	2.5947265625	-1.60864257812	2.59423828125	-1.607421875	2.59838867188	-1.60791015625	2.59375	-0.263283626642	0.82208442688	-1.34462652961	1.77264213562	0
-1.60791015625	2.5947265625	-1.60864257812	2.59423828125	-1.607421875	2.59838867188	-1.60791015625	2.59375	-0.263283626642	0.82208442688	-1.34462652961	1.77264213562	1
-1.60827636719	2.59448242188	-1.60864257812	2.59423828125	-1.60803222656	2.59631347656	-1.60791015625	2.59423828125	-1.33610759006	0.77276802063	-0.272534988064	1.82147026062	1
-1.60827636719	2.59448242188	-1.60864257812	2.59423828125	-1.60803222656	2.59631347656	-1.60791015625	2.59423828125	-1.33610759006	0.77276802063	-0.272534988064	1.82147026062	1
-1.60827636719	2.59448242188	-1.60864257812	2.59423828125	-0.957414689263	1.03274261951	-1.60827636719	2.59423828125	-0.957414689263	1.03274261951	-0.651227888862	1.56149566174	1
-0.957414689263	1.03274261951	-1.60864257812	2.59423828125	-1.60827636719	2.59448242188	-1.60827636719	2.59423828125	-0.957414689263	1.03274261951	-0.651227888862	1.56149566174	0
-0.957414689263	1.03274261951	-1.28302863369	1.81349045038	-1.28284552823	1.81361252069	-0.957414689263	2.59423828125	-428.541762646	-178.336770014	427.584347956	179.369512633	0
-0.957414689263	1.03274261951	-1.28302863369	1.81349045038	-1.28284552823	1.81361252069	-0.957414689263	2.59423828125	-428.541762646	-178.336770014	427.584347956	179.369512633	0
-0.957414689263	1.03274261951	-1.12022166148	1.42311653495	-1.12013010874	1.4231775701	-0.957414689263	1.81349045038	-235.139469373	-100.261986927	234.182054684	101.294729546	0
-0.957414689263	1.03274261951	-1.12022166148	1.42311653495	-1.12013010874	1.4231775701	-0.957414689263	1.81349045038	-235.139469373	-100.261986927	234.182054684	101.294729546	0
-0.957414689263	1.03274261951	-1.03881817537	1.22792957723	-1.038772399	1.22796009481	-0.957414689263	1.42311653495	-137.056575695	-61.2245953835	136.099161005	62.257338003	0
-0.957414689263	1.03274261951	-1.03881817537	1.22792957723	-1.038772399	1.22796009481	-0.957414689263	1.42311653495	-137.056575695	-61.2245953835	136.099161005	62.257338003	0
-0.957414689263	1.03274261951	-0.998116432317	1.13033609837	-0.998093544133	1.13035135716	-0.957414689263	1.22792957723	-88.8024792262	-41.7058996118	87.8450645369	42.7386422313	0
-0.957414689263	1.03274261951	-0.998116432317	1.13033609837	-0.998093544133	1.13035135716	-0.957414689263	1.22792957723	-88.8024792262	-41.7058996118	87.8450645369	42.7386422313	0
-0.957414689263	1.03274261951	-0.97776556079	1.08153935894	-0.977754116698	1.08154698834	-0.957414689263	1.13033609837	-65.013866976	-31.946551726	64.0564522867	32.9792943455	0
-0.957414689263	1.03274261951	-0.97776556079	1.08153935894	-0.977754116698	1.08154698834	-0.957414689263	1.13033609837	-65.013866976	-31.946551726	64.0564522867	32.9792943455	0
-0.957414689263	1.03274261951	-0.967590125026	1.05714098923	-0.96758440298	1.05714480393	-0.957414689263	1.08153935894	-53.2218696458	-27.0668777831	52.2644549565	28.0996204026	0
-0.957414689263	1.03274261951	-0.967590125026	1.05714098923	-0.96758440298	1.05714480393	-0.957414689263	1.08153935894	-53.2218696458	-27.0668777831	52.2644549565	28.0996204026	0
-0.957414689263	1.03274261951	-0.962502407145	1.04494180437	-0.962499546122	1.04494371172	-0.957414689263	1.05714098923	-47.3536606543	-24.6270408116	46.3962459651	25.6597834311	0
-0.957414689263	1.03274261951	-0.962502407145	1.04494180437	-0.962499546122	1.04494371172	-0.957414689263	1.05714098923	-47.3536606543	-24.6270408116	46.3962459651	25.6597834311	0
-0.957414689263	1.03274261951	-0.959958548204	1.03884221194	-0.959957117692	1.03884316562	-0.957414689263	1.04494180437	-44.4267801363	-23.4071223259	43.4693654471	24.4398649454	0
-0.957414689263	1.03274261951	-0.959958548204	1.03884221194	-0.959957117692	1.03884316562	-0.957414689263	1.04494180437	-44.4267801363	-23.4071223259	43.4693654471	24.4398649454	0
-0.957414689263	1.03274261951	-0.958686618733	1.03579241573	-0.958685903478	1.03579289257	-0.957414689263	1.03884221194	-42.9651804417	-22.797163083	42.0077657524	23.8299057025	0
-0.957414689263	1.03274261951	-0.958686618733	1.03579241573	-0.958685903478	1.03579289257	-0.957414689263	1.03884221194	-42.9651804417	-22.797163083	42.0077657524	23.8299057025	0
-0.957414689263	1.03274261951	-0.958050653998	1.03426751762	-0.95805029637	1.03426775604	-0.957414689263	1.03579241573	-42.2348450567	-22.4921834616	41.2774303675	23.5249260811	0
-0.957414689263	1.03274261951	-0.958050653998	1.03426751762	-0.95805029637	1.03426775604	-0.957414689263	1.03579241573	-42.2348450567	-22.4921834616	41.2774303675	23.5249260811	0
-0.957414689263	1.03274261951	-0.95773267163	1.03350506857	-0.957732492816	1.03350518778	-0.957414689263	1.03426751762	-41.86979402	-22.3396936509	40.9123793307	23.3724362704	0
-0.957414689263	1.03274261951	-0.95773267163	1.03350506857	-0.957732492816	1.03350518778	-0.957414689263	1.03426751762	-41.86979402	-22.3396936509	40.9123793307	23.3724362704	0
-0.957414689263	1.03274261951	-0.957573680447	1.03312384404	-0.95757359104	1.03312390365	-0.957414689263	1.03350506857	-41.687297733	-22.2634487455	40.7298830438	23.296191365	0
-0.957414689263	1.03274261951	-0.957573680447	1.03312384404	-0.95757359104	1.03312390365	-0.957414689263	1.03350506857	-41.687297733	-22.2634487455	40.7298830438	23.296191365	0
-0.957414689263	1.03274261951	-0.957494184855	1.03293323178	-0.957494140151	1.03293326158	-0.957414689263	1.03312384404	-41.5960569059	-22.2253262928	40.6386422166	23.2580689123	0
-0.957414689263	1.03274261951	-0.957494184855	1.03293323178	-0.957494140151	1.03293326158	-0.957414689263	1.03312384404	-41.5960569059	-22.2253262928	40.6386422166	23.2580689123	0
-0.957414689263	1.03274261951	-0.957454437059	1.03283792565	-0.957454414707	1.03283794055	-0.957414689263	1.03293323178	-41.5504383224	-22.2062650665	40.5930236332	23.239007686	0
-0.957414689263	1.03274261951	-0.957454437059	1.03283792565	-0.957454414707	1.03283794055	-0.957414689263	1.03293323178	-41.5504383224	-22.2062650665	40.5930236332	23.239007686	0
-0.957414689263	1.03274261951	-0.957434563161	1.03279027258	-0.957434551985	1.03279028003	-0.957414689263	1.03283792565	-41.5276294883	-22.1967344533	40.5702147991	23.2294770728	0
-0.957414689263	1.03274261951	-0.957434563161	1.03279027258	-0.957434551985	1.03279028003	-0.957414689263	1.03283792565	-41.5276294883	-22.1967344533	40.5702147991	23.2294770728	0
-0.957414689263	1.03274261951	-0.957424626212	1.03276644605	-0.957424620624	1.03276644977	-0.957414689263	1.03279027258	-41.5162251858	-22.1919691467	40.5588104965	23.2247117662	0
-0.957414689263	1.03274261951	-0.957424626212	1.03276644605	-0.957424620624	1.03276644977	-0.957414689263	1.03279027258	-41.5162251858	-22.1919691467	40.5588104965	23.2247117662	0
-0.957414689263	1.03274261951	-0.957419657737	1.03275453278	-0.957419654943	1.03275453464	-0.957414689263	1.03276644605	-41.510523063	-22.1895864934	40.5531083737	23.2223291129	0
-0.957414689263	1.03274261951	-0.957419657737	1.03275453278	-0.957419654943	1.03275453464	-0.957414689263	1.03276644605	-41.510523063	-22.1895864934	40.5531083737	23.2223291129	0
-0.957414689263	1.03274261951	-0.9574171735	1.03274857615	-0.957417172103	1.03274857708	-0.957414689263	1.03275453278	-41.507672009	-22.1883951668	40.5502573197	23.2211377863	0
-0.957414689263	1.03274261951	-0.9574171735	1.03274857615	-0.957417172103	1.03274857708	-0.957414689263	1.03275453278	-41.507672009	-22.1883951668	40.5502573197	23.2211377863	0
-0.957414689263	1.03274261951	-0.957415931381	1.03274559783	-0.957415930683	1.0327455983	-0.957414689263	1.03274857615	-41.506246483	-22.1877995033	40.5488317938	23.2205421228	0
-0.957414689263	1.03274261951	-0.957415931381	1.03274559783	-0.957415930683	1.0327455983	-0.957414689263	1.03274857615	-41.506246483	-22.1877995033	40.5488317938	23.2205421228	0
-0.957414689263	1.03274261951	-0.957415310322	1.03274410867	-0.957415309973	1.03274410891	-0.957414689263	1.03274559783	-41.5055337203	-22.1875016716	40.5481190311	23.2202442911	0
-0.957414689263	1.03274261951	-0.957415310322	1.03274410867	-0.957415309973	1.03274410891	-0.957414689263	1.03274559783	-41.5055337203	-22.1875016716	40.5481190311	23.2202442911	0
-0.957414689263	1.03274261951	-0.957414999792	1.03274336409	-0.957414999618	1.03274336421	-0.957414689263	1.03274410867	-41.5051773388	-22.1873527556	40.5477626496	23.2200953751	0
-0.957414689263	1.03274261951	-0.957414999792	1.03274336409	-0.957414999618	1.03274336421	-0.957414689263	1.03274410867	-41.5051773388	-22.1873527556	40.5477626496	23.2200953751	0
-0.957414689263	1.03274261951	-0.957414844528	1.0327429918	-0.95741484444	1.03274299186	-0.957414689263	1.03274336409	-41.5049991438	-22.1872782973	40.5475844545	23.2200209168	0
-0.957414689263	1.03274261951	-0.957414844528	1.0327429918	-0.95741484444	1.03274299186	-0.957414689263	1.03274336409	-41.5049991438	-22.1872782973	40.5475844545	23.2200209168	0
-0.957414689263	1.03274261951	-0.957414766895	1.03274280566	-0.957414766852	1.03274280569	-0.957414689263	1.0327429918	-41.5049100457	-22.1872410669	40.5474953565	23.2199836865	0
-0.957414689263	1.03274261951	-0.957414766895	1.03274280566	-0.957414766852	1.03274280569	-0.957414689263	1.0327429918	-41.5049100457	-22.1872410669	40.5474953565	23.2199836865	0
-0.957414689263	1.03274261951	-0.957414728079	1.03274271259	-0.957414728057	1.0327427126	-0.957414689263	1.03274280566	-41.5048655009	-22.1872224536	40.5474508116	23.2199650731	0
-0.957414689263	1.03274261951	-0.957414728079	1.03274271259	-0.957414728057	1.0327427126	-0.957414689263	1.03274280566	-41.5048655009	-22.1872224536	40.5474508116	23.2199650731	0
-0.957414689263	1.03274261951	-0.957414708671	1.03274266605	-0.95741470866	1.03274266606	-0.957414689263	1.03274271259	-41.5048431806	-22.1872131397	40.5474284914	23.2199557592	0
-0.957414689263	1.03274261951	-0.957414708671	1.03274266605	-0.95741470866	1.03274266606	-0.957414689263	1.03274271259	-41.5048431806	-22.1872131397	40.5474284914	23.2199557592	0
-0.957414689263	1.03274261951	-0.957414698967	1.03274264278	-0.957414698961	1.03274264279	-0.957414689263	1.03274266605	-41.5048320373	-22.1872084828	40.547417348	23.2199511023	0
-0.957414689263	1.03274261951	-0.957414698967	1.03274264278	-0.957414698961	1.03274264279	-0.957414689263	1.03274266605	-41.5048320373	-22.1872084828	40.547417348	23.2199511023	0
-0.957414689263	1.03274261951	-0.957414694115	1.03274263115	-0.957414694112	1.03274263115	-0.957414689263	1.03274264278	-41.5048264053	-22.1872061543	40.547411716	23.2199487738	0
-0.957414689263	1.03274261951	-0.957414694115	1.03274263115	-0.957414694112	1.03274263115	-0.957414689263	1.03274264278	-41.5048264053	-22.1872061543	40.547411716	23.2199487738	0
-0.957414689263	1.03274261951	-0.957414691689	1.03274262533	-0.957414691687	1.03274262533	-0.957414689263	1.03274263115	-41.5048234764	-22.187204971	40.5474087872	23.2199475905	0
-0.957414689263	1.03274261951	-0.957414691689	1.03274262533	-0.957414691687	1.03274262533	-0.957414689263	1.03274263115	-41.5048234764	-22.187204971	40.5474087872	23.2199475905	0
-0.957414689263	1.03274261951	-0.957414690476	1.03274262242	-0.957414690475	1.03274262242	-0.957414689263	1.03274262533	-41.5048218289	-22.1872042839	40.5474071397	23.2199469034	0
-0.957414689263	1.03274261951	-0.957414690476	1.03274262242	-0.957414690475	1.03274262242	-0.957414689263	1.03274262533	-41.5048218289	-22.1872042839	40.5474071397	23.2199469034	0
-0.957414689263	1.03274261951	-0.957414689869	1.03274262097	-0.957414689869	1.03274262097	-0.957414689263	1.03274262242	-41.5048203645	-22.1872039785	40.5474056753	23.2199465981	0
-0.957414689263	1.03274261951	-0.957414689869	1.03274262097	-0.957414689869	1.03274262097	-0.957414689263	1.03274262242	-41.5048203645	-22.1872039785	40.5474056753	23.2199465981	0
-0.957414689263	1.03274261951	-0.957414689566	1.03274262024	-0.957414689566	1.03274262024	-0.957414689263	1.03274262097	-41.5048181178	-22.1872034274	40.5474034285	23.2199460469	0
-0.957414689263	1.03274261951	-0.957414689566	1.03274262024	-0.957414689566	1.03274262024	-0.957414689263	1.03274262097	-41.5048181178	-22.1872034274	40.5474034285	23.2199460469	0
-0.957414689263	1.03274261951	-0.957414689414	1.03274261988	-0.957414689414	1.03274261988	-0.957414689263	1.03274262024	-41.5048107957	-22.1872028166	40.5473961064	23.2199454361	0
-0.957414689263	1.03274261951	-0.957414689414	1.03274261988	-0.957414689414	1.03274261988	-0.957414689263	1.03274262024	-41.5048107957	-22.1872028166	40.5473961064	23.2199454361	0
-0.957414689263	1.03274261951	-0.957414689339	1.0327426197	-0.957414689339	1.0327426197	-0.957414689263	1.03274261988	-41.5048107957	-22.1872028166	40.5473961064	23.2199454361	0
-0.957414689263	1.03274261951	-0.957414689339	1.0327426197	-0.957414689339	1.0327426197	-0.957414689263	1.03274261988	-41.5048107957	-22.1872028166	40.5473961064	23.2199454361	0
-0.957414689263	1.03274261951	-0.957414689301	1.03274261961	-0.957414689301	1.03274261961	-0.957414689263	1.0327426197	-41.5048166533	-22.18720085	40.5474019641	23.2199434696	0
-0.957414689263	1.03274261951	-0.957414689301	1.03274261961	-0.957414689301	1.03274261961	-0.957414689263	1.0327426197	-41.5048166533	-22.18720085	40.5474019641	23.2199434696	0
-0.957414689263	1.03274261951	-0.957414689282	1.03274261956	-0.957414689282	1.03274261956	-0.957414689263	1.03274261961	-41.504804938	-22.1871959641	40.5473902487	23.2199385836	0
-0.957414689263	1.03274261951	-0.957414689282	1.03274261956	-0.957414689282	1.03274261956	-0.957414689263	1.03274261961	-41.504804938	-22.1871959641	40.5473902487	23.2199385836	0
-0.957414689263	1.03274261951	-0.957414689272	1.03274261954	-0.957414689272	1.03274261954	-0.957414689263	1.03274261956	-41.5048033347	-22.1871842865	40.5473886455	23.219926906	0
-0.957414689263	1.03274261951	-0.957414689272	1.03274261954	-0.957414689272	1.03274261954	-0.957414689263	1.03274261956	-41.5048033347	-22.1871842865	40.5473886455	23.219926906	0
-0.957414689263	1.03274261951	-0.957414689268	1.03274261953	-0.957414689268	1.03274261953	-0.957414689263	1.03274261954	-41.5048501962	-22.1871842865	40.5474355069	23.219926906	0
-0.957414689263	1.03274261951	-0.957414689268	1.03274261953	-0.957414689268	1.03274261953	-0.957414689263	1.03274261954	-41.5048501962	-22.1871842865	40.5474355069	23.219926906	0
-0.957414689263	1.03274261951	-0.957414689265	1.03274261952	-0.957414689265	1.03274261952	-0.957414689263	1.03274261953	-41.5045690275	-22.1871451988	40.5471543382	23.2198878183	0
-0.957414689263	1.03274261951	-0.957414689265	1.03274261952	-0.957414689265	1.03274261952	-0.957414689263	1.03274261953	-41.5045690275	-22.1871451988	40.5471543382	23.2198878183	0
-0.957414689263	1.03274261951	-0.957414689264	1.03274261952	-0.957414689264	1.03274261952	-0.957414689263	1.03274261952	-41.5039938833	-22.187082271	40.546579194	23.2198248906	0
-0.957414689263	1.03274261951	-0.957414689264	1.03274261952	-0.957414689264	1.03274261952	-0.957414689263	1.03274261952	-41.5039938833	-22.187082271	40.546579194	23.2198248906	0
-0.957414689263	1.03274261951	-0.957414689263	1.03274261952	-0.957414689263	1.03274261952	-0.957414689263	1.03274261952	-41.5039938833	-22.187082271	40.546579194	23.2198248906	0
-0.957414689263	1.03274261951	-0.957414689263	1.03274261952	-0.957414689263	1.03274261952	-0.957414689263	1.03274261952	-41.5039938833	-22.187082271	40.546579194	23.2198248906	0
-0.957414689263	1.03274261951	-0.957414689263	1.03274261952	-0.957414689263	1.03274261952	-0.957414689263	1.03274261952	-41.5002450548	-22.1867695756	40.5428303655	23.2195121951	0
-0.957414689263	1.03274261951	-0.957414689263	1.03274261952	-0.957414689263	1.03274261952	-0.957414689263	1.03274261952	-41.5002450548	-22.1867695756	40.5428303655	23.2195121951	0
-0.957414689263	1.03274261951	-0.957414689263	1.03274261951	-0.957414689263	1.03274261951	-0.957414689263	1.03274261952	-41.4971448242	-22.1867695756	40.5397301349	23.2195121951	0
-0.957414689263	1.03274261951	-0.957414689263	1.03274261951	-0.957414689263	1.03274261951	-0.957414689263	1.03274261952	-41.4971448242	-22.1867695756	40.5397301349	23.2195121951	0
-0.957414689263	1.03274261951	-0.957414689263	1.03274261951	-0.957414689263	1.03274261951	-0.957414689263	1.03274261951	-41.4971448242	-22.1867695756	40.5397301349	23.2195121951	0
-0.957414689263	1.03274261951	-0.957414689263	1.03274261951	-0.957414689263	1.03274261951	-0.957414689263	1.03274261951	-41.4971448242	-22.1867695756	40.5397301349	23.2195121951	0
-0.957414689263	1.03274261951	-0.957414689263	1.03274261951	-0.957414689263	1.03274261951	-0.957414689263	1.03274261951	-41.4971448242	-22.1872573805	40.5397301349	23.22	0
-0.957414689263	1.03274261951	-0.957414689263	1.03274261951	-0.957414689263	1.03274261951	-0.957414689263	1.03274261951	-41.4971448242	-22.1872573805	40.5397301349	23.22	0
-0.957414689263	1.03274261951	-0.957414689263	1.03274261951	-0.957414689263	1.03274261951	-0.957414689263	1.03274261951	-41.484360797	-22.1872573805	40.5269461078	23.22	0
-0.957414689263	1.03274261951	-0.957414689263	1.03274261951	-0.957414689263	1.03274261951	-0.957414689263	1.03274261951	-41.484360797	-22.1872573805	40.5269461078	23.22	0
-0.957414689263	1.03274261951	-0.957414689263	1.03274261951	-0.957414689263	1.03274261951	-0.957414689263	1.03274261951	-41.3406482222	-22.1672573805	40.3832335329	23.2	0
-0.957414689263	1.03274261951	-0.957414689263	1.03274261951	-0.957414689263	1.03274261951	-0.957414689263	1.03274261951	-41.3406482222	-22.1672573805	40.3832335329	23.2	0
-0.957414689263	1.03274261951	-0.957414689263	1.03274261951	-0.957414689263	1.03274261951	-0.957414689263	1.03274261951	-41.243128975	-22.1672573805	40.2857142857	23.2	0
-0.957414689263	1.03274261951	-0.957414689263	1.03274261951	-0.957414689263	1.03274261951	-0.957414689263	1.03274261951	-41.243128975	-22.1672573805	40.2857142857	23.2	0
-0.957414689263	1.03274261951	-0.957414689263	1.03274261951	-0.957414689263	1.03274261951	-0.957414689263	1.03274261951	-41.3383670702	-22.1672573805	40.380952381	23.2	0
-0.957414689263	1.03274261951	-0.957414689263	1.03274261951	-0.957414689263	1.03274261951	-0.957414689263	1.03274261951	-41.3383670702	-22.1672573805	40.380952381	23.2	0
-0.957414689263	1.03274261951	-0.957414689263	1.03274261951	-0.957414689263	1.03274261951	-0.957414689263	1.03274261951	-41.3383670702	-22.0072573805	40.380952381	23.04	0
-0.957414689263	1.03274261951	-0.957414689263	1.03274261951	-0.957414689263	1.03274261951	-0.957414689263	1.03274261951	-41.3383670702	-22.0072573805	40.380952381	23.04	0
-0.957414689263	1.03274261951	-0.957414689263	1.03274261951	-0.957414689263	1.03274261951	-0.957414689263	1.03274261951	-40.9574146893	-21.9672573805	40.0	23.0	0
-0.957414689263	1.03274261951	-0.957414689263	1.03274261951	-0.957414689263	1.03274261951	-0.957414689263	1.03274261951	-40.9574146893	-21.9672573805	40.0	23.0	0
-0.957414689263	1.03274261951	-0.957414689263	1.03274261951	-0.957414689263	1.03274261951	-0.957414689263	1.03274261951	-39.3574146893	-21.6339240472	38.4	22.6666666667	0
-0.957414689263	1.03274261951	-0.957414689263	1.03274261951	-0.957414689263	1.03274261951	-0.957414689263	1.03274261951	-39.3574146893	-21.6339240472	38.4	22.6666666667	0
-0.957414689263	1.03274261951	-0.957414689263	1.03274261951	-0.957414689263	1.03274261951	-0.957414689263	1.03274261951	-32.9574146893	-21.6339240472	32.0	22.6666666667	0
-0.957414689263	1.03274261951	-0.957414689263	1.03274261951	-0.957414689263	1.03274261951	-0.957414689263	1.03274261951	-32.9574146893	-21.6339240472	32.0	22.6666666667	0
-0.957414689263	1.03274261951	-0.957414689263	1.03274261951	-0.957414689263	1.03274261951	-0.957414689263	1.03274261951	-24.9574146893	-20.9672573805	24.0	22.0	0
-0.957414689263	1.03274261951	-0.957414689263	1.03274261951	-0.957414689263	1.03274261951	-0.957414689263	1.03274261951	-24.9574146893	-20.9672573805	24.0	22.0	0
-0.957414689263	1.03274261951	-3.82965875705	1.03274261951	-5.74448813558	1.03274261951	-0.957404689263	1.03274261951	-41.5082652934	-1.82624795671e+12	40.5508506042	1.82624795672e+12	0
-0.957414689263	1.03274261951	-3.82965875705	1.03274261951	-5.74448813558	1.03274261951	-0.957404689263	1.03274261951	-41.5082652934	-1.82624795671e+12	40.5508506042	1.82624795672e+12	0
-0.957414689263	1.03274261951	-2.39353672316	4.13097047806	-3.35095141242	6.19645571709	-0.957414689263	1.03275261951	6476.72922651	-22.1882038401	-6477.6866412	23.2209464596	0
-0.957414689263	1.03274261951	-2.39353672316	4.13097047806	-3.35095141242	6.19645571709	-0.957414689263	1.03275261951	6476.72922651	-22.1882038401	-6477.6866412	23.2209464596	0
-0.957414689263	1.03274261951	-1.67547570621	2.58185654879	-2.15418305084	3.6145991683	-0.957414689263	4.13097047806	-537.214046138	-332.009989694	536.256631449	333.042732314	0
-0.957414689263	1.03274261951	-1.67547570621	2.58185654879	-2.15418305084	3.6145991683	-0.957414689263	4.13097047806	-537.214046138	-332.009989694	536.256631449	333.042732314	0
-0.957414689263	1.03274261951	-1.31644519774	1.80729958415	-1.55579887005	2.32367089391	-0.957414689263	2.58185654879	-375.421608133	-177.098596767	374.464193444	178.131339387	0
-0.957414689263	1.03274261951	-1.31644519774	1.80729958415	-1.55579887005	2.32367089391	-0.957414689263	2.58185654879	-375.421608133	-177.098596767	374.464193444	178.131339387	0
-0.957414689263	1.03274261951	-1.1369299435	1.42002110183	-1.25660677966	1.67820675671	-0.957414689263	1.80729958415	-216.094735425	-99.6429003037	215.137320736	100.675642923	0
-0.957414689263	1.03274261951	-1.25660677966	1.67820675671	-1.1369299435	1.42002110183	-0.957414689263	1.80729958415	-216.094735425	-99.6429003037	215.137320736	100.675642923	0
-0.957414689263	1.03274261951	-1.10701073446	1.35547468811	-1.04717231638	1.22638186067	-0.957414689263	1.67820675671	-187.306441166	-86.7336175598	186.349026477	87.7663601793	0
-0.957414689263	1.03274261951	-1.04717231638	1.22638186067	-1.10701073446	1.35547468811	-0.957414689263	1.67820675671	-187.306441166	-86.7336175598	186.349026477	87.7663601793	0
-0.957414689263	1.03274261951	-1.00229350282	1.12956224009	-1.03221271186	1.19410865381	-0.957414689263	1.22638186067	-85.0646447505	-41.551127956	84.1072300613	42.5838705756	0
-0.957414689263	1.03274261951	-1.00229350282	1.12956224009	-1.03221271186	1.19410865381	-0.957414689263	1.22638186067	-85.0646447505	-41.551127956	84.1072300613	42.5838705756	0
-0.957414689263	1.03274261951	-0.979854096042	1.0811524298	-0.994813700562	1.11342563666	-0.957414689263	1.12956224009	-63.214154745	-31.8691658981	62.2567400557	32.9019085176	0
-0.957414689263	1.03274261951	-0.979854096042	1.0811524298	-0.994813700562	1.11342563666	-0.957414689263	1.12956224009	-63.214154745	-31.8691658981	62.2567400557	32.9019085176	0
-0.957414689263	1.03274261951	-0.968634392653	1.05694752466	-0.976114194912	1.07308412809	-0.957414689263	1.0811524298	-52.3384536707	-27.0281848691	51.3810389815	28.0609274886	0
-0.957414689263	1.03274261951	-0.968634392653	1.05694752466	-0.976114194912	1.07308412809	-0.957414689263	1.0811524298	-52.3384536707	-27.0281848691	51.3810389815	28.0609274886	0
-0.957414689263	1.03274261951	-0.963024540958	1.04484507209	-0.966764442088	1.0529133738	-0.957414689263	1.05694752466	-46.915955063	-24.6076943546	45.9585403737	25.6404369741	0
-0.957414689263	1.03274261951	-0.963024540958	1.04484507209	-0.966764442088	1.0529133738	-0.957414689263	1.05694752466	-46.915955063	-24.6076943546	45.9585403737	25.6404369741	0
-0.957414689263	1.03274261951	-0.96021961511	1.0387938458	-0.962089565675	1.04282799666	-0.957414689263	1.04484507209	-44.2089144848	-23.3974490974	43.2514997956	24.4301917169	0
-0.957414689263	1.03274261951	-0.96021961511	1.0387938458	-0.962089565675	1.04282799666	-0.957414689263	1.04484507209	-44.2089144848	-23.3974490974	43.2514997956	24.4301917169	0
-0.957414689263	1.03274261951	-0.958817152187	1.03576823266	-0.959752127469	1.03778530809	-0.957414689263	1.0387938458	-42.8564927201	-22.7923264688	41.8990780309	23.8250690883	0
-0.957414689263	1.03274261951	-0.958817152187	1.03576823266	-0.959752127469	1.03778530809	-0.957414689263	1.0387938458	-42.8564927201	-22.7923264688	41.8990780309	23.8250690883	0
-0.957414689263	1.03274261951	-0.958115920725	1.03425542609	-0.958583408366	1.0352639638	-0.957414689263	1.03576823266	-42.1805622618	-22.4897651545	41.2231475725	23.522507774	0
-0.957414689263	1.03274261951	-0.958115920725	1.03425542609	-0.958583408366	1.0352639638	-0.957414689263	1.03576823266	-42.1805622618	-22.4897651545	41.2231475725	23.522507774	0
-0.957414689263	1.03274261951	-0.957765304994	1.0334990228	-0.957999048814	1.03400329166	-0.957414689263	1.03425542609	-41.8426678627	-22.3384844973	40.8852531734	23.3712271168	0
-0.957414689263	1.03274261951	-0.957765304994	1.0334990228	-0.957999048814	1.03400329166	-0.957414689263	1.03425542609	-41.8426678627	-22.3384844973	40.8852531734	23.3712271168	0
-0.957414689263	1.03274261951	-0.957589997128	1.03312082116	-0.957706869039	1.03337295559	-0.957414689263	1.0334990228	-41.6737384611	-22.2628441687	40.7163237719	23.2955867882	0
-0.957414689263	1.03274261951	-0.957589997128	1.03312082116	-0.957706869039	1.03337295559	-0.957414689263	1.0334990228	-41.6737384611	-22.2628441687	40.7163237719	23.2955867882	0
-0.957414689263	1.03274261951	-0.957502343196	1.03293172034	-0.957560779151	1.03305778755	-0.957414689263	1.03312082116	-41.5892782212	-22.2250240044	40.631863532	23.2577666239	0
-0.957414689263	1.03274261951	-0.957502343196	1.03293172034	-0.957560779151	1.03305778755	-0.957414689263	1.03312082116	-41.5892782212	-22.2250240044	40.631863532	23.2577666239	0
-0.957414689263	1.03274261951	-0.957458516229	1.03283716993	-0.957487734207	1.03290020353	-0.957414689263	1.03293172034	-41.5470492179	-22.2061139223	40.5896345286	23.2388565418	0
-0.957414689263	1.03274261951	-0.957458516229	1.03283716993	-0.957487734207	1.03290020353	-0.957414689263	1.03293172034	-41.5470492179	-22.2061139223	40.5896345286	23.2388565418	0
-0.957414689263	1.03274261951	-0.957436602746	1.03278989472	-0.957451211735	1.03282141152	-0.957414689263	1.03283716993	-41.5259349955	-22.1966588812	40.5685203062	23.2294015007	0
-0.957414689263	1.03274261951	-0.957436602746	1.03278989472	-0.957451211735	1.03282141152	-0.957414689263	1.03283716993	-41.5259349955	-22.1966588812	40.5685203062	23.2294015007	0
-0.957414689263	1.03274261951	-0.957425646004	1.03276625712	-0.957432950499	1.03278201552	-0.957414689263	1.03278989472	-41.5153779542	-22.1919313607	40.5579632649	23.2246739802	0
-0.957414689263	1.03274261951	-0.957425646004	1.03276625712	-0.957432950499	1.03278201552	-0.957414689263	1.03278989472	-41.5153779542	-22.1919313607	40.5579632649	23.2246739802	0
-0.957414689263	1.03274261951	-0.957420167634	1.03275443832	-0.957423819881	1.03276231752	-0.957414689263	1.03276625712	-41.5100994509	-22.1895676004	40.5526847617	23.2223102199	0
-0.957414689263	1.03274261951	-0.957420167634	1.03275443832	-0.957423819881	1.03276231752	-0.957414689263	1.03276625712	-41.5100994509	-22.1895676004	40.5526847617	23.2223102199	0
-0.957414689263	1.03274261951	-0.957417428448	1.03274852892	-0.957419254572	1.03275246852	-0.957414689263	1.03275443832	-41.5074602035	-22.1883857202	40.5500455142	23.2211283397	0
-0.957414689263	1.03274261951	-0.957417428448	1.03274852892	-0.957419254572	1.03275246852	-0.957414689263	1.03275443832	-41.5074602035	-22.1883857202	40.5500455142	23.2211283397	0
-0.957414689263	1.03274261951	-0.957416058856	1.03274557421	-0.957416971917	1.03274754402	-0.957414689263	1.03274852892	-41.5061405808	-22.1877947802	40.5487258916	23.2205373997	0
-0.957414689263	1.03274261951	-0.957416058856	1.03274557421	-0.957416971917	1.03274754402	-0.957414689263	1.03274852892	-41.5061405808	-22.1877947802	40.5487258916	23.2205373997	0
-0.957414689263	1.03274261951	-0.957415374059	1.03274409686	-0.95741583059	1.03274508176	-0.957414689263	1.03274557421	-41.5054807699	-22.1874993099	40.5480660806	23.2202419295	0
-0.957414689263	1.03274261951	-0.957415374059	1.03274409686	-0.95741583059	1.03274508176	-0.957414689263	1.03274557421	-41.5054807699	-22.1874993099	40.5480660806	23.2202419295	0
-0.957414689263	1.03274261951	-0.957415031661	1.03274335819	-0.957415259926	1.03274385064	-0.957414689263	1.03274409686	-41.505150862	-22.1873515751	40.5477361728	23.2200941946	0
-0.957414689263	1.03274261951	-0.957415031661	1.03274335819	-0.957415259926	1.03274385064	-0.957414689263	1.03274409686	-41.505150862	-22.1873515751	40.5477361728	23.2200941946	0
-0.957414689263	1.03274261951	-0.957414860462	1.03274298885	-0.957414974595	1.03274323508	-0.957414689263	1.03274335819	-41.50498591	-22.1872777072	40.5475712208	23.2200203268	0
-0.957414689263	1.03274261951	-0.957414860462	1.03274298885	-0.957414974595	1.03274323508	-0.957414689263	1.03274335819	-41.50498591	-22.1872777072	40.5475712208	23.2200203268	0
-0.957414689263	1.03274261951	-0.957414774862	1.03274280418	-0.957414831929	1.0327429273	-0.957414689263	1.03274298885	-41.5049034236	-22.1872407733	40.5474887344	23.2199833928	0
-0.957414689263	1.03274261951	-0.957414774862	1.03274280418	-0.957414831929	1.0327429273	-0.957414689263	1.03274298885	-41.5049034236	-22.1872407733	40.5474887344	23.2199833928	0
-0.957414689263	1.03274261951	-0.957414732063	1.03274271185	-0.957414760596	1.03274277341	-0.957414689263	1.03274280418	-41.5048621791	-22.1872223021	40.5474474899	23.2199649216	0
-0.957414689263	1.03274261951	-0.957414732063	1.03274271185	-0.957414760596	1.03274277341	-0.957414689263	1.03274280418	-41.5048621791	-22.1872223021	40.5474474899	23.2199649216	0
-0.957414689263	1.03274261951	-0.957414710663	1.03274266568	-0.957414724929	1.03274269646	-0.957414689263	1.03274271185	-41.5048415413	-22.1872130677	40.5474268521	23.2199556873	0
-0.957414689263	1.03274261951	-0.957414710663	1.03274266568	-0.957414724929	1.03274269646	-0.957414689263	1.03274271185	-41.5048415413	-22.1872130677	40.5474268521	23.2199556873	0
-0.957414689263	1.03274261951	-0.957414699963	1.0327426426	-0.957414707096	1.03274265799	-0.957414689263	1.03274266568	-41.504831229	-22.1872084506	40.5474165398	23.2199510701	0
-0.957414689263	1.03274261951	-0.957414699963	1.0327426426	-0.957414707096	1.03274265799	-0.957414689263	1.03274266568	-41.504831229	-22.1872084506	40.5474165398	23.2199510701	0
-0.957414689263	1.03274261951	-0.957414694613	1.03274263106	-0.957414698179	1.03274263875	-0.957414689263	1.0327426426	-41.5048260411	-22.1872061227	40.5474113518	23.2199487422	0
-0.957414689263	1.03274261951	-0.957414694613	1.03274263106	-0.957414698179	1.03274263875	-0.957414689263	1.0327426426	-41.5048260411	-22.1872061227	40.5474113518	23.2199487422	0
-0.957414689263	1.03274261951	-0.957414691938	1.03274262529	-0.957414693721	1.03274262913	-0.957414689263	1.03274263106	-41.5048233848	-22.1872049299	40.5474086955	23.2199475495	0
-0.957414689263	1.03274261951	-0.957414691938	1.03274262529	-0.957414693721	1.03274262913	-0.957414689263	1.03274263106	-41.5048233848	-22.1872049299	40.5474086955	23.2199475495	0
-0.957414689263	1.03274261951	-0.9574146906	1.0327426224	-0.957414691492	1.03274262432	-0.957414689263	1.03274262529	-41.5048220453	-22.1872042374	40.5474073561	23.2199468569	0
-0.957414689263	1.03274261951	-0.9574146906	1.0327426224	-0.957414691492	1.03274262432	-0.957414689263	1.03274262529	-41.5048220453	-22.1872042374	40.5474073561	23.2199468569	0
-0.957414689263	1.03274261951	-0.957414689932	1.03274262096	-0.957414690377	1.03274262192	-0.957414689263	1.0327426224	-41.5048217133	-22.1872039596	40.547407024	23.2199465791	0
-0.957414689263	1.03274261951	-0.957414689932	1.03274262096	-0.957414690377	1.03274262192	-0.957414689263	1.0327426224	-41.5048217133	-22.1872039596	40.547407024	23.2199465791	0
-0.957414689263	1.03274261951	-0.957414689597	1.03274262024	-0.95741468982	1.03274262072	-0.957414689263	1.03274262096	-41.5048210947	-22.1872036518	40.5474064054	23.2199462713	0
-0.957414689263	1.03274261951	-0.957414689597	1.03274262024	-0.95741468982	1.03274262072	-0.957414689263	1.03274262096	-41.5048210947	-22.1872036518	40.5474064054	23.2199462713	0
-0.957414689263	1.03274261951	-0.95741468943	1.03274261988	-0.957414689541	1.03274262012	-0.957414689263	1.03274262024	-41.5048197665	-22.1872031562	40.5474050773	23.2199457757	0
-0.957414689263	1.03274261951	-0.95741468943	1.03274261988	-0.957414689541	1.03274262012	-0.957414689263	1.03274262024	-41.5048197665	-22.1872031562	40.5474050773	23.2199457757	0
-0.957414689263	1.03274261951	-0.957414689346	1.03274261969	-0.957414689402	1.03274261982	-0.957414689263	1.03274261988	-41.5048197665	-22.1872031562	40.5474050773	23.2199457757	0
-0.957414689263	1.03274261951	-0.957414689346	1.03274261969	-0.957414689402	1.03274261982	-0.957414689263	1.03274261988	-41.5048197665	-22.1872031562	40.5474050773	23.2199457757	0
-0.957414689263	1.03274261951	-0.957414689305	1.0327426196	-0.957414689332	1.03274261966	-0.957414689263	1.03274261969	-41.5048034656	-22.1872006937	40.5473887763	23.2199433132	0
-0.957414689263	1.03274261951	-0.957414689305	1.0327426196	-0.957414689332	1.03274261966	-0.957414689263	1.03274261969	-41.5048034656	-22.1872006937	40.5473887763	23.2199433132	0
-0.957414689263	1.03274261951	-0.957414689284	1.03274261956	-0.957414689298	1.03274261959	-0.957414689263	1.0327426196	-41.5047503406	-22.1871957687	40.5473356514	23.2199383882	0
-0.957414689263	1.03274261951	-0.957414689284	1.03274261956	-0.957414689298	1.03274261959	-0.957414689263	1.0327426196	-41.5047503406	-22.1871957687	40.5473356514	23.2199383882	0
-0.957414689263	1.03274261951	-0.957414689273	1.03274261954	-0.95741468928	1.03274261955	-0.957414689263	1.03274261956	-41.5047276368	-22.1871976896	40.5473129476	23.2199403091	0
-0.957414689263	1.03274261951	-0.957414689273	1.03274261954	-0.95741468928	1.03274261955	-0.957414689263	1.03274261956	-41.5047276368	-22.1871976896	40.5473129476	23.2199403091	0
-0.957414689263	1.03274261951	-0.957414689268	1.03274261953	-0.957414689272	1.03274261953	-0.957414689263	1.03274261954	-41.5045576375	-22.1871779896	40.5471429482	23.2199206091	0
-0.957414689263	1.03274261951	-0.957414689268	1.03274261953	-0.957414689272	1.03274261953	-0.957414689263	1.03274261954	-41.5045576375	-22.1871779896	40.5471429482	23.2199206091	0
-0.957414689263	1.03274261951	-0.957414689265	1.03274261952	-0.957414689267	1.03274261952	-0.957414689263	1.03274261953	-41.5046426372	-22.1871462738	40.5472279479	23.2198888933	0
-0.957414689263	1.03274261951	-0.957414689265	1.03274261952	-0.957414689267	1.03274261952	-0.957414689263	1.03274261953	-41.5046426372	-22.1871462738	40.5472279479	23.2198888933	0
-0.957414689263	1.03274261951	-0.957414689264	1.03274261952	-0.957414689265	1.03274261952	-0.957414689263	1.03274261952	-41.5048010046	-22.1871462738	40.5473863153	23.2198888933	0
-0.957414689263	1.03274261951	-0.957414689264	1.03274261952	-0.957414689265	1.03274261952	-0.957414689263	1.03274261952	-41.5048010046	-22.1871462738	40.5473863153	23.2198888933	0
-0.957414689263	1.03274261951	-0.957414689263	1.03274261952	-0.957414689264	1.03274261952	-0.957414689263	1.03274261952	-41.5054809876	-22.1871155365	40.5480662983	23.219858156	0
-0.957414689263	1.03274261951	-0.957414689263	1.03274261952	-0.957414689264	1.03274261952	-0.957414689263	1.03274261952	-41.5054809876	-22.1871155365	40.5480662983	23.219858156	0
-0.957414689263	1.03274261951	-0.957414689263	1.03274261952	-0.957414689263	1.03274261952	-0.957414689263	1.03274261952	-41.5041674944	-22.1868003277	40.5467528052	23.2195429472	0
-0.957414689263	1.03274261951	-0.957414689263	1.03274261952	-0.957414689263	1.03274261952	-0.957414689263	1.03274261952	-41.5041674944	-22.1868003277	40.5467528052	23.2195429472	0
-0.957414689263	1.03274261951	-0.957414689263	1.03274261951	-0.957414689263	1.03274261952	-0.957414689263	1.03274261952	-41.5014473312	-22.1866773048	40.544032642	23.2194199243	0
-0.957414689263	1.03274261951	-0.957414689263	1.03274261951	-0.957414689263	1.03274261952	-0.957414689263	1.03274261952	-41.5014473312	-22.1866773048	40.544032642	23.2194199243	0
-0.957414689263	1.03274261951	-0.957414689263	1.03274261951	-0.957414689263	1.03274261951	-0.957414689263	1.03274261951	-41.4907480226	-22.1854162708	40.5333333333	23.2181588903	0
-0.957414689263	1.03274261951	-0.957414689263	1.03274261951	-0.957414689263	1.03274261951	-0.957414689263	1.03274261951	-41.4907480226	-22.1854162708	40.5333333333	23.2181588903	0
-0.957414689263	1.03274261951	-0.957414689263	1.03274261951	-0.957414689263	1.03274261951	-0.957414689263	1.03274261951	-41.4798636689	-22.1854162708	40.5224489796	23.2181588903	0
-0.957414689263	1.03274261951	-0.957414689263	1.03274261951	-0.957414689263	1.03274261951	-0.957414689263	1.03274261951	-41.4798636689	-22.1854162708	40.5224489796	23.2181588903	0
-0.957414689263	1.03274261951	-0.957414689263	1.03274261951	-0.957414689263	1.03274261951	-0.957414689263	1.03274261951	-41.4574146893	-22.1793785926	40.5	23.2121212121	0
-0.957414689263	1.03274261951	-0.957414689263	1.03274261951	-0.957414689263	1.03274261951	-0.957414689263	1.03274261951	-41.4574146893	-22.1793785926	40.5	23.2121212121	0
-0.957414689263	1.03274261951	-0.957414689263	1.03274261951	-0.957414689263	1.03274261951	-0.957414689263	1.03274261951	-41.4791538197	-22.1793785926	40.5217391304	23.2121212121	0
-0.957414689263	1.03274261951	-0.957414689263	1.03274261951	-0.957414689263	1.03274261951	-0.957414689263	1.03274261951	-41.4791538197	-22.1793785926	40.5217391304	23.2121212121	0
-0.957414689263	1.03274261951	-0.957414689263	1.03274261951	-0.957414689263	1.03274261951	-0.957414689263	1.03274261951	-41.4791538197	-22.1591765724	40.5217391304	23.1919191919	0
-0.957414689263	1.03274261951	-0.957414689263	1.03274261951	-0.957414689263	1.03274261951	-0.957414689263	1.03274261951	-41.4791538197	-22.1591765724	40.5217391304	23.1919191919	0
-0.957414689263	1.03274261951	-0.957414689263	1.03274261951	-0.957414689263	1.03274261951	-0.957414689263	1.03274261951	-41.4791538197	-22.1672573805	40.5217391304	23.2	0
-0.957414689263	1.03274261951	-0.957414689263	1.03274261951	-0.957414689263	1.03274261951	-0.957414689263	1.03274261951	-41.4791538197	-22.1672573805	40.5217391304	23.2	0
-0.957414689263	1.03274261951	-0.957414689263	1.03274261951	-0.957414689263	1.03274261951	-0.957414689263	1.03274261951	-40.9574146893	-22.0072573805	40.0	23.04	0
-0.957414689263	1.03274261951	-0.957414689263	1.03274261951	-0.957414689263	1.03274261951	-0.957414689263	1.03274261951	-40.9574146893	-22.0072573805	40.0	23.04	0
-0.957414689263	1.03274261951	-0.957414689263	1.03274261951	-0.957414689263	1.03274261951	-0.957414689263	1.03274261951	-41.6240813559	-21.9672573805	40.6666666667	23.0	0
-0.957414689263	1.03274261951	-0.957414689263	1.03274261951	-0.957414689263	1.03274261951	-0.957414689263	1.03274261951	-41.6240813559	-21.9672573805	40.6666666667	23.0	0
-0.957414689263	1.03274261951	-0.957414689263	1.03274261951	-0.957414689263	1.03274261951	-0.957414689263	1.03274261951	-38.2907480226	-21.6339240472	37.3333333333	22.6666666667	0
-0.957414689263	1.03274261951	-0.957414689263	1.03274261951	-0.957414689263	1.03274261951	-0.957414689263	1.03274261951	-38.2907480226	-21.6339240472	37.3333333333	22.6666666667	0
-0.957414689263	1.03274261951	-0.957414689263	1.03274261951	-0.957414689263	1.03274261951	-0.957414689263	1.03274261951	-39.3574146893	-21.3672573805	38.4	22.4	0
-0.957414689263	1.03274261951	-0.957414689263	1.03274261951	-0.957414689263	1.03274261951	-0.957414689263	1.03274261951	-39.3574146893	-21.3672573805	38.4	22.4	0
-0.957414689263	1.03274261951	-0.957414689263	1.03274261951	-0.957414689263	1.03274261951	-0.957414689263	1.03274261951	-28.9574146893	-20.9672573805	28.0	22.0	0
-0.957414689263	1.03274261951	-0.957414689263	1.03274261951	-0.957414689263	1.03274261951	-0.957414689263	1.03274261951	-28.9574146893	-20.9672573805	28.0	22.0	0
-0.957414689263	1.03274261951	-0.957414689263	1.03274261951	-0.957414689263	1.03274261951	-0.957414689263	1.03274261951	-24.9574146893	-18.9672573805	24.0	20.0	0
-0.957414689263	1.03274261951	-0.957414689263	1.03274261951	-0.957414689263	1.03274261951	-0.957414689263	1.03274261951	-24.9574146893	-18.9672573805	24.0	20.0	0
