
 etall    1, NO =   10, NV =    6, INA =   21
 *********************************************

    I  COEFFICIENT          ORDER   EXPONENTS
     1   0.9659258262891        1     1 0  0 0  0 0
  0.965925826289070     
     2    2.965847788396        1     0 1  0 0  0 0
   2.96584778839611     
     3   0.3904613197850        1     0 0  0 0  1 0
  0.390461319785001     
     4   0.3387933820258E-01    2     1 0  0 0  1 0
  3.387933820258499E-002
     5   -2.931813016409        2     0 1  0 0  1 0
  -2.93181301640901     
     6  -0.3882287200066        2     0 0  0 0  2 0
 -0.388228720006621     
     7  -0.3368513894309E-01    3     1 0  0 0  2 0
 -3.368513894308960E-002
     8    2.897911609391        3     0 1  0 0  2 0
   2.89791160939090     
     9   0.3860034108111        3     0 0  0 0  3 0
  0.386003410811124     
    10   0.3349138686159E-01    4     1 0  0 0  3 0
  3.349138686158827E-002
    11   -2.864126869541        4     0 1  0 0  3 0
  -2.86412686954108     
    12  -0.3837832256068        4     0 0  0 0  4 0
 -0.383783225606771     
    13  -0.3329808136980E-01    5     1 0  0 0  4 0
 -3.329808136980251E-002
    14    2.830458599279        5     0 1  0 0  4 0
   2.83045859927918     
    15   0.3815681576531        5     0 0  0 0  5 0
  0.381568157653065     
    16   0.3310522188003E-01    6     1 0  0 0  5 0
  3.310522188003127E-002
    17   -2.796906601248        6     0 1  0 0  5 0
  -2.79690660124784     
    18  -0.3793582002161        6     0 0  0 0  6 0
 -0.379358200216128     
    19  -0.3291280780515E-01    7     1 0  0 0  6 0
 -3.291280780515037E-002
    20    2.763470678313        7     0 1  0 0  6 0
   2.76347067831253     
    21   0.3771533465687        7     0 0  0 0  7 0
  0.377153346568689     
    22   0.3272083855861E-01    8     1 0  0 0  7 0
  3.272083855861200E-002
    23   -2.730150633561        8     0 1  0 0  7 0
  -2.73015063356131     
    24  -0.3749535899901        8     0 0  0 0  8 0
 -0.374953589990081     
    25  -0.3252931355444E-01    9     1 0  0 0  8 0
 -3.252931355444417E-002
    26    2.696946270305        9     0 1  0 0  8 0
   2.69694627030463     
    27   0.3727589237662        9     0 0  0 0  9 0
  0.372758923766235     
    28   0.3233823220725E-01   10     1 0  0 0  9 0
  3.233823220725029E-002
    29   -2.663857392075       10     0 1  0 0  9 0
  -2.66385739207515     
    30  -0.3705693411897       10     0 0  0 0 10 0
 -0.370569341189676     
                                      

 etall    1, NO =   10, NV =    6, INA =   25
 *********************************************

    I  COEFFICIENT          ORDER   EXPONENTS
     1  -0.2258622251953E-01    1     1 0  0 0  0 0
 -2.258622251953349E-002
     2   0.9659258262891        1     0 1  0 0  0 0
  0.965925826289070     
     3   0.2588190788939        1     0 0  0 0  1 0
  0.258819078893927     
     4  -0.2591925594998E-03    2     1 0  0 0  1 0
 -2.591925594997602E-004
     5   0.3387933820258E-01    2     0 1  0 0  1 0
  3.387933820258499E-002
     6   0.2970094544477E-02    2     0 0  0 0  2 0
  2.970094544477139E-003
     7   0.2583040699037E-03    3     1 0  0 0  2 0
  2.583040699037129E-004
     8  -0.3368513894309E-01    3     0 1  0 0  2 0
 -3.368513894308962E-002
     9  -0.2959913591019E-02    3     0 0  0 0  3 0
 -2.959913591019290E-003
    10  -0.2574170578323E-03    4     1 0  0 0  3 0
 -2.574170578322895E-004
    11   0.3349138686159E-01    4     0 1  0 0  3 0
  3.349138686158826E-002
    12   0.2949749567407E-02    4     0 0  0 0  4 0
  2.949749567407043E-003
    13   0.2565315216935E-03    5     1 0  0 0  4 0
  2.565315216934878E-004
    14  -0.3329808136980E-01    5     0 1  0 0  4 0
 -3.329808136980251E-002
    15  -0.2939602455400E-02    5     0 0  0 0  5 0
 -2.939602455399545E-003
    16  -0.2556474598967E-03    6     1 0  0 0  5 0
 -2.556474598967089E-004
    17   0.3310522188003E-01    6     0 1  0 0  5 0
  3.310522188003127E-002
    18   0.2929472236772E-02    6     0 0  0 0  6 0
  2.929472236772228E-003
    19   0.2547648708528E-03    7     1 0  0 0  6 0
  2.547648708527574E-004
    20  -0.3291280780515E-01    7     0 1  0 0  6 0
 -3.291280780515037E-002
    21  -0.2919358893316E-02    7     0 0  0 0  7 0
 -2.919358893316176E-003
    22  -0.2538837529738E-03    8     1 0  0 0  7 0
 -2.538837529738393E-004
    23   0.3272083855861E-01    8     0 1  0 0  7 0
  3.272083855861202E-002
    24   0.2909262406840E-02    8     0 0  0 0  8 0
  2.909262406839676E-003
    25   0.2530041046736E-03    9     1 0  0 0  8 0
  2.530041046735613E-004
    26  -0.3252931355444E-01    9     0 1  0 0  8 0
 -3.252931355444418E-002
    27  -0.2899182759166E-02    9     0 0  0 0  9 0
 -2.899182759165560E-003
    28  -0.2521259243669E-03   10     1 0  0 0  9 0
 -2.521259243669293E-004
    29   0.3233823220725E-01   10     0 1  0 0  9 0
  3.233823220725030E-002
    30   0.2889119932134E-02   10     0 0  0 0 10 0
  2.889119932133514E-003
                                      

 etall    1, NO =   10, NV =    6, INA =   26
 *********************************************

    I  COEFFICIENT          ORDER   EXPONENTS
     1    1.000000000000        1     0 0  1 0  0 0
   1.00000000000000     
     2    3.000000000000        1     0 0  0 1  0 0
   3.00000000000000     
     3   -3.000000391680        2     0 0  0 1  1 0
  -3.00000039167990     
     4    3.000001175040        3     0 0  0 1  2 0
   3.00000117503979     
     5   -3.000002350080        4     0 0  0 1  3 0
  -3.00000235007982     
     6    3.000003916800        5     0 0  0 1  4 0
   3.00000391680021     
     7   -3.000005875201        6     0 0  0 1  5 0
  -3.00000587520127     
     8    3.000008225283        7     0 0  0 1  6 0
   3.00000822528339     
     9   -3.000010967047        8     0 0  0 1  7 0
  -3.00001096704704     
    10    3.000014100493        9     0 0  0 1  8 0
   3.00001410049273     
    11   -3.000017625621       10     0 0  0 1  9 0
  -3.00001762562110     
                                      

 etall    1, NO =   10, NV =    6, INA =   27
 *********************************************

    I  COEFFICIENT          ORDER   EXPONENTS
     1    1.000000000000        1     0 0  0 1  0 0
   1.00000000000000     
                                      

 etall    1, NO =   10, NV =    6, INA =   28
 *********************************************

    I  COEFFICIENT          ORDER   EXPONENTS
     1    1.000000000000        1     0 0  0 0  1 0
   1.00000000000000     
                                      

 etall    1, NO =   10, NV =    6, INA =   29
 *********************************************

    I  COEFFICIENT          ORDER   EXPONENTS
     1   0.3469446951954E-17    0     0 0  0 0  0 0
  3.469446951953614E-018
     2   0.2588190788939        1     1 0  0 0  0 0
  0.258819078893928     
     3   0.3904613197850        1     0 1  0 0  0 0
  0.390461319785001     
     4   0.3415143715626E-01    1     0 0  0 0  1 0
  3.415143715625721E-002
     5    1.000000000000        1     0 0  0 0  0 1
   1.00000000000000     
     6   0.2574227421277E-03    2     2 0  0 0  0 0
  2.574227421276656E-004
     7  -0.3349365342682E-01    2     1 1  0 0  0 0
 -3.349365342681981E-002
     8    1.466197435340        2     0 2  0 0  0 0
   1.46619743534019     
     9  -0.2929634687035E-02    2     1 0  0 0  1 0
 -2.929634687035334E-003
    10  -0.4419724509014E-02    2     0 1  0 0  1 0
 -4.419724509013586E-003
    11    1.500000195840        2     0 0  0 2  0 0
   1.50000019583995     
    12  -0.2312371057726E-03    2     0 0  0 0  2 0
 -2.312371057725547E-004
    13  -0.5113174716145E-03    3     2 0  0 0  1 0
 -5.113174716144512E-004
    14   0.6621896700610E-01    3     1 1  0 0  1 0
  6.621896700609975E-002
    15   -2.899072660650        3     0 2  0 0  1 0
  -2.89907266064976     
    16   0.8758689148396E-02    3     1 0  0 0  2 0
  8.758689148395629E-003
    17  -0.3728100523611        3     0 1  0 0  2 0
 -0.372810052361082     
    18   -3.000001175040        3     0 0  0 2  1 0
  -3.00000117503979     
    19  -0.3322531308560E-01    3     0 0  0 0  3 0
 -3.322531308559703E-002
    20   0.7617073145659E-03    4     2 0  0 0  2 0
  7.617073145658892E-004
    21  -0.9818299097049E-01    4     1 1  0 0  2 0
 -9.818299097049185E-002
    22    4.299086303726        4     0 2  0 0  2 0
   4.29908630372649     
    23  -0.1450740095845E-01    4     1 0  0 0  3 0
 -1.450740095844637E-002
    24   0.7413109662850        4     0 1  0 0  3 0
  0.741310966285049     
    25    4.500003525120        4     0 0  0 2  2 0
   4.50000352511973     
    26   0.6622143887635E-01    4     0 0  0 0  4 0
  6.622143887635225E-002
    27  -0.1008615307741E-02    5     2 0  0 0  3 0
 -1.008615307741398E-003
    28   0.1293927407106        5     1 1  0 0  3 0
  0.129392740710580     
    29   -5.666695965619        5     0 2  0 0  3 0
  -5.66669596561850     
    30   0.2017629808998E-01    5     1 0  0 0  4 0
  2.017629808997905E-002
    31   -1.101163413621        5     0 1  0 0  4 0
  -1.10116341362055     
    32   -6.000007833600        5     0 0  0 2  3 0
  -6.00000783360043     
    33  -0.9876016538020E-01    5     0 0  0 0  5 0
 -9.876016538019622E-002
    34   0.1252064398786E-02    6     2 0  0 0  4 0
  1.252064398786490E-003
    35  -0.1598551968841        6     1 1  0 0  4 0
 -0.159855196884084     
    36    7.002356232369        6     0 2  0 0  4 0
   7.00235623236921     
    37  -0.2576590647350E-01    6     1 0  0 0  5 0
 -2.576590647349574E-002
    38    1.452447392719        6     0 1  0 0  5 0
   1.45244739271910     
    39    7.500014688003        6     0 0  0 2  4 0
   7.50001468800319     
    40   0.1308445060097        6     0 0  0 0  6 0
  0.130844506009658     
    41  -0.1492077446465E-02    7     2 0  0 0  5 0
 -1.492077446464543E-003
    42   0.1895773055248        7     1 1  0 0  5 0
  0.189577305524816     
    43   -8.306518686732        7     0 2  0 0  5 0
  -8.30651868673150     
    44   0.3127675000252E-01    7     1 0  0 0  6 0
  3.127675000251979E-002
    45   -1.795242505175        7     0 1  0 0  6 0
  -1.79524250517461     
    46   -9.000024675850        7     0 0  0 2  5 0
  -9.00002467585018     
    47  -0.1624774625065        7     0 0  0 0  7 0
 -0.162477462506539     
    48   0.1728677220888E-02    8     2 0  0 0  6 0
  1.728677220888115E-003
    49  -0.2185659781514        8     1 1  0 0  6 0
 -0.218565978151404     
    50    9.579631919851        8     0 2  0 0  6 0
   9.57963191985129     
    51  -0.3670935053890E-01    8     1 0  0 0  7 0
 -3.670935053889830E-002
    52    2.129627957069        8     0 1  0 0  7 0
   2.12962795706917     
    53    10.50003838466        8     0 0  0 2  6 0
   10.5000383846646     
    54   0.1936620249723        8     0 0  0 0  8 0
  0.193662024972262     
    55  -0.1961886403750E-02    9     2 0  0 0  7 0
 -1.961886403749814E-003
    56   0.2468280918758        9     1 1  0 0  7 0
  0.246828091875761     
    57   -10.82214154292        9     0 2  0 0  7 0
  -10.8221415429202     
    58   0.4206422791809E-01    9     1 0  0 0  8 0
  4.206422791809104E-002
    59   -2.455682560216        9     0 1  0 0  8 0
  -2.45568256021599     
    60   -12.00005640197        9     0 0  0 2  7 0
  -12.0000564019710     
    61  -0.2244011718982        9     0 0  0 0  9 0
 -0.224401171898207     
    62   0.2191727588553E-02   10     2 0  0 0  8 0
  2.191727588552691E-003
    63  -0.2743704895113       10     1 1  0 0  8 0
 -0.274370489511318     
    64    12.03449019880       10     0 2  0 0  8 0
   12.0344901987980     
    65  -0.4734189995445E-01   10     1 0  0 0  9 0
 -4.734189995445252E-002
    66    2.773484733400       10     0 1  0 0  9 0
   2.77348473339962     
    67    13.50007931529       10     0 0  0 2  8 0
   13.5000793152949     
    68   0.2546978701960       10     0 0  0 0 10 0
  0.254697870195951     
                                      
